x	low	mean	high	median
0.02	0.40123480307935794	0.6219801462594965	0.850510453624727	0.6094516664281573
0.06	0.4185511203346392	0.623130052808358	0.8323156898232948	0.6139123304814369
0.1	0.43476336197305454	0.6239555384073042	0.8148571089462642	0.6181585896544748
0.14	0.4509499341726203	0.6244205682588752	0.7977225368756531	0.6215281122964622
0.18	0.4669893883023031	0.6244892621108927	0.7808057942054096	0.6240923968043617
0.22	0.483572111757214	0.6241262280892803	0.7638278466836395	0.6263127491983256
0.26	0.4975807129578373	0.6232969184498997	0.7473820661229938	0.6267038889855592
0.30000000000000004	0.5103150081283437	0.6219680036317564	0.7321340562040438	0.6270920182685511
0.33999999999999997	0.5219660398708259	0.6201077602554104	0.7177005661496374	0.6252606886132309
0.38	0.5329970286647285	0.6176864679838542	0.7031250609618114	0.6222998711606602
0.42000000000000004	0.5413666407678484	0.6146768094823185	0.6881073561674624	0.6187441363802082
0.45999999999999996	0.5466438648237479	0.6110542670990023	0.674710518666953	0.6148649859852453
0.5	0.5503245015488144	0.6067975093666504	0.6629184124481718	0.6097839336699713
0.54	0.5516768145671394	0.6018887600313083	0.6523991728951438	0.6026831896655904
0.5800000000000001	0.5494895524820104	0.5963141420672026	0.6443465139799784	0.5955814498132657
0.62	0.544594078768415	0.5900639890695941	0.6380420550887518	0.5878439847907944
0.66	0.5364004666311639	0.5831331165444682	0.6327855377593103	0.5792094204088406
0.7	0.525508682902214	0.5755210459596869	0.6277978318040783	0.5709250942434388
0.74	0.5127994430003474	0.5672321749872287	0.6224828957309929	0.5624131563982633
0.78	0.4981121007564447	0.5582758881607117	0.6175374067558594	0.5532603147643977
0.8200000000000001	0.483334496817316	0.5486666031797269	0.6113153129805349	0.5432924952410634
0.86	0.4683250596877146	0.538423749303276	0.6048892087155725	0.5328816606702091
0.9	0.45353670765671195	0.5275716756534574	0.5969030192012325	0.5221207728130374
0.94	0.438640262339162	0.5161394887677268	0.5884476562457611	0.5104212137310972
0.98	0.4239033612186465	0.5041608203416866	0.5795720853331183	0.4982248922572194
1.02	0.40920563931009146	0.49167352774949086	0.5676744546326897	0.48472311857429906
1.06	0.39484732365602426	0.47871933155370344	0.5562540677987771	0.47147352883309707
1.1	0.3808247472384373	0.46534339576710826	0.5432283986374516	0.4578569268404956
1.1400000000000001	0.36687361734654067	0.4515938580494349	0.5291472406121989	0.44388688063268666
1.18	0.35368073659499294	0.4375213182540943	0.5154818942509644	0.4296983038820204
1.22	0.34038001372319693	0.42317829474775825	0.500864755991165	0.41543734076449856
1.26	0.32728494621719306	0.40861865866017405	0.4845213650665336	0.4011627341053405
1.3	0.31483510528216413	0.3938970566679615	0.4680598464007894	0.3864548617346313
1.34	0.3026605296772057	0.3790683330536726	0.45203870166061283	0.3719760966007887
1.3800000000000001	0.2908525585221267	0.36418696160950004	0.4349397836069281	0.35715464284900095
1.42	0.27910302611981	0.34930649749074516	0.4179443890235026	0.34243800363853855
1.46	0.2674313985175243	0.33447905838213743	0.40074628251614264	0.3279667689394192
1.5	0.2562047141334321	0.319754843363114	0.38343619879879604	0.31359177956213213
1.54	0.2449530406557568	0.30518169668094164	0.36633006299932225	0.29961584407458447
1.58	0.23408453200945328	0.29080472231563714	0.34939021147021887	0.2850157183407461
1.62	0.22319220368894044	0.2766659537981469	0.33148236954133264	0.2712558999196764
1.6600000000000001	0.2121080966268806	0.2628040822746146	0.31444690955502486	0.2577105322245735
1.7	0.2012604388650916	0.2492542443480728	0.29798282935744175	0.24459400038301063
1.74	0.19067761277571627	0.23604786981941184	0.2822672066566959	0.23157058833847274
1.78	0.18012714639634625	0.22321258813425326	0.2674887235543256	0.21884130711452804
1.82	0.1700144821757504	0.21077219115801907	0.25294260198135554	0.2069574067599679
1.86	0.15984533309239832	0.1987466488703514	0.2389239023934877	0.19540232255925816
1.9	0.1499392975592763	0.18715217371699938	0.22509151795370547	0.1841251100990446
1.94	0.14049834228147412	0.17600132868560572	0.2125628266408766	0.17354905949087818
1.98	0.13111651155497103	0.16530317369117214	0.20026698093521095	0.16315778092260586
2.02	0.12164659417127391	0.15506344455670865	0.18925596505073664	0.15346081661960165
2.06	0.11267809737587595	0.1452847587494709	0.17831116612457024	0.14413624595361055
2.1	0.10400370265994272	0.13596684206395238	0.167744246462942	0.13512890624842963
2.14	0.095557352774819	0.12710677061351439	0.15814811378255159	0.12665048389564526
2.18	0.08749307060376235	0.11869922278029571	0.14885150796616126	0.11836852274116308
2.22	0.07991780882171214	0.11073673615598753	0.14018012624044113	0.11052410686858385
2.2600000000000002	0.07305359320596189	0.10320996496136084	0.13208091244390668	0.10306165353108825
2.3	0.06652293231957156	0.09610793393829946	0.1246678428627924	0.09588888349847847
2.34	0.060113591450739495	0.08941828524363643	0.11759304766158314	0.08899672611509253
2.38	0.05451913424311394	0.08312751542102727	0.11069793235924932	0.08268093577885866
2.42	0.049006342890438585	0.07722120006920487	0.10434750587856674	0.07672717066362608
2.46	0.04396827732854943	0.07168420434788711	0.09859529258577666	0.0707494376975791
2.5	0.03957611584935512	0.06650087795666573	0.09258486572047356	0.06546614723605021
2.54	0.03528818429981432	0.0616552336771931	0.08751445576452091	0.06039438126146214
2.58	0.031514775019703706	0.057131108980593	0.08235124839677763	0.05568277041250856
2.62	0.028040850278840068	0.05291231056522706	0.07758337959443035	0.05128531599171856
2.66	0.02477125566694876	0.04898274200372005	0.07310157344191323	0.04723443461433509
2.7	0.021922027331230325	0.045326514942326035	0.06867404785974464	0.043310960629799625
2.74	0.019309285787411663	0.041928044511335305	0.06461433565268127	0.039584144796166475
2.7800000000000002	0.016952742264228764	0.03877212977534696	0.060939619115901095	0.03622281529887707
2.8200000000000003	0.01488113609886075	0.035844020179678644	0.057294596020387424	0.033162918864567806
2.86	0.012979188755736957	0.033129469038154696	0.05378724287882389	0.03014891342038198
2.9	0.011264757806806107	0.03061477516234224	0.05051111510116916	0.02745289604504154
2.94	0.009776445810596345	0.028286813757135168	0.047472630675015275	0.02496409218821633
2.98	0.00846164274900514	0.026133057707236375	0.04456107213137571	0.022595272166016263
3.02	0.007302636901129653	0.024141590357572653	0.041714064598648945	0.020498715519231638
3.06	0.006286846812889368	0.02230111085220689	0.03916518074406213	0.018634790567789623
3.1	0.005399010826770182	0.020600933044644738	0.03671596767602942	0.01687539338885349
3.14	0.0046251270538933695	0.019030978930919942	0.034423850094804996	0.015240665339476864
3.18	0.003962542876689716	0.01758176748857869	0.03222274013578972	0.013725320416569875
3.22	0.003394029381843151	0.016244399732151117	0.03014157280018822	0.012358880673806055
3.2600000000000002	0.002905491870742586	0.015010540721387257	0.028271421945709297	0.011105309487338226
3.3000000000000003	0.002461782390328964	0.013872399183989723	0.02641427775891609	0.010000004068470344
3.34	0.0020740084926067154	0.012822705341595438	0.02470596625928401	0.009008783052371301
3.38	0.0017564340904052626	0.011854687457321055	0.02314458462949474	0.008041413454272447
3.42	0.0014751057056410083	0.010962047556337744	0.02161924080206512	0.007181316667570036
3.46	0.0012491693037871858	0.010138936708257981	0.020234987193769916	0.006417576286884559
3.5	0.0010385543628624997	0.009379930202041895	0.01893414102040974	0.005726965142915662
3.54	0.0008635903230024078	0.00868000289094413	0.01767181266792147	0.005096211990059079
3.58	0.0007166436770612993	0.0080345049367638	0.01643129756393058	0.004545218062748361
3.62	0.0005978870428240903	0.0074391381393683195	0.015325921761036481	0.0040298600073985415
3.66	0.0004984931110393228	0.006889932998932677	0.014246246941550003	0.0035749295925354098
3.7	0.00041206618950925594	0.006383226624429778	0.013261375334106812	0.0031474880581628694
3.74	0.00033928346711564603	0.005915641572316812	0.012359919256234076	0.0027665069745421026
3.7800000000000002	0.00028109173824895483	0.00548406567383863	0.011490943722033641	0.0024522196304678336
3.8200000000000003	0.0002302234227070607	0.005085632887543308	0.010699086548733559	0.002152328381443277
3.86	0.0001885606024133401	0.004717705195180884	0.009939071427702294	0.0018962683006987936
3.9	0.00015456274828712637	0.004377855543807515	0.009234612554856591	0.0016710552531895267
3.94	0.0001263912220642429	0.004063851824276197	0.008555983513352638	0.0014691264469435627
3.98	0.00010310677473870521	0.003773641866103126	0.007934378389053703	0.001288636490887197
