mu	sd
0.3338483132076639	0.23269200590432015
0.5288442616596007	0.2820274204417336
0.23924264589164862	0.16305681688303045
0.4219099480747195	0.28879036530629776
0.35120767423522525	0.24506421113947066
0.513368957089585	0.32839724918905944
0.4142813432841496	0.28462671629852704
0.37062795813067667	0.2581962905307162
0.6496225359901082	0.3111100198197631
0.9527418500079831	0.21249965201615836
0.6803796781034073	0.3136204670368567
0.6690460086844237	0.3129173692872667
0.2930017644700963	0.2019899355896371
1.040859219996556	0.144857711514095
0.38449492766717347	0.2670680658635451
0.8101720799066457	0.2779782002988958
0.4688459975587471	0.31144858219780897
1.074600977615832	0.14084053323657467
0.7958225793796411	0.28054323760863586
0.40839840979564573	0.2813228903356492
0.7610708438405711	0.28503793014179124
0.8110009481299091	0.27781748412746976
0.24448753889946753	0.1665274132482711
0.3557271931160899	0.24819088283615942
0.7383137426855528	0.3132389109267497
0.7489776346534326	0.28602680151191445
0.580493306183809	0.29833783900582755
0.7136993312275082	0.3142071007879449
0.30998087154059945	0.2149221281643858
0.9201204109570036	0.22582631700545075
0.7414382061469753	0.2864919381482341
0.7021716129183614	0.31425254250694085
0.8283141609179282	0.2741494459734456
0.822289141498704	0.27549306041031957
1.0938118254273441	0.13563048814457743
0.48827105535657495	0.31937247945000724
1.0447197338415395	0.15228362132790135
0.9075759006668642	0.2305936381437375
0.3768732786709733	0.26224560695776944
0.8148053982305843	0.2770622922528415
1.05817653606103	0.13581411422364698
0.9823333635085056	0.1724655417103692
0.6307225254238966	0.3086121494662675
1.0514530324377236	0.16160344620382586
0.2775707290072999	0.1902775702236427
0.3875731081223702	0.26897808231919723
0.42116217983005627	0.2883882482039883
0.37345848379477836	0.2600423305685387
0.6784076419209724	0.31351662609086006
0.3656650485988566	0.2549168791450826
0.7200062114763703	0.31407177222580807
0.9556252611979827	0.19580471640740166
0.6076599948955208	0.30455954228342935
0.5469797717329284	0.2884392505700585
0.6366205453120517	0.28067541124703294
0.36192563192255467	0.2524105946996824
0.3527709655131588	0.24615038544619872
0.39371635852663706	0.272724610036499
0.3876491429749069	0.2690249861364144
0.6020592670662641	0.30340626873612125
0.5932654623157022	0.30146048977500517
0.4426844033951853	0.29944230664077787
0.7457807883493023	0.28623825224026134
0.40161009206269577	0.2774099848554412
0.4250167332171963	0.29044708978913986
1.035617540359563	0.15443183862523202
0.9245135545043883	0.20835316518267671
1.0177709533929673	0.15060468673377192
1.0278971321546106	0.1565387922127457
0.9357521631074075	0.20392226873212663
1.018010702598943	0.1505355256847706
0.3863104547730604	0.26819723934718226
0.9626316227523521	0.20827927315303474
0.3698475825388913	0.2576842142292516
0.3734467857127044	0.26003473789511583
0.9266228036169103	0.22326731745746334
1.1045955022551286	0.12437909426437978
0.32469822862217174	0.22596590199197336
0.5508946945551817	0.2897250030933464
0.4110200076120812	0.2828051704547262
0.8186614377429464	0.27626756814863335
0.6768626090441698	0.2856553428061954
1.1086717587926085	0.13273897018111355
0.4122781328729084	0.222356273108563
0.5471872894870419	0.28850827480749425
0.30904977687105595	0.21421640031437247
0.6325237774685041	0.3088819458672835
0.991548137154106	0.18091864603623625
0.8043193478173173	0.2790740865054038
0.9475047129588503	0.21471031519345393
0.7252243800695056	0.31390095994889167
1.036601814963076	0.15418104013463615
0.8169330255584019	0.2766274325733002
1.0756472257408716	0.1408241030743712
0.3872945810590206	0.2688061528116198
0.6460045540592994	0.3106886239797048
1.008926781644964	0.1741244374436906
0.7093456952938305	0.31425499050637884
0.9397000352402755	0.21796214111653753
0.6204956038903522	0.3069525043977728
0.6198242487562606	0.3068359232254231
1.0668981545531107	0.14901547190467218
0.7835231193167621	0.28241310752196797
0.35972792309160145	0.25092368260734443
0.7552320532035539	0.2855526510159648
1.0380220544973646	0.16460461938946966
0.6504177520588756	0.3111990565791935
0.6364637328624199	0.30944868700963796
1.0030619811322998	0.17635668279328645
0.9267152009291447	0.223230552762862
0.42064020209459546	0.2881067777413277
0.5927851647399681	0.3013494404975899
0.8243237445830137	0.2552542781002304
0.8254782160533984	0.2747907682420057
0.3772077549799011	0.2624600063194344
0.9118862631290454	0.22898200473827926
0.8733358238781157	0.261895402099656
0.9765936883331907	0.20227725782822845
1.0195884257322114	0.170285706761107
0.39034300429645385	0.2706781447000665
0.9339636465582316	0.22031351006298588
0.8300372098163905	0.2737520921403551
0.35059908897381725	0.2446400488638834
0.5751850543969582	0.2969356705410192
1.0202725275095763	0.15883824684918893
1.1000265962487816	0.14305785388372266
0.564774987243326	0.29400603062404607
0.35602077004486476	0.2483925462415722
0.3687975962914486	0.25699310307752515
0.625026318738459	0.307714636618648
0.9621501043522928	0.19309034586248494
0.9288683427197724	0.22237075559124464
0.9466329661730712	0.21507622710175744
0.33884424778932165	0.2363083108302429
0.9101049798198622	0.22965147807148048
0.3643313423732815	0.2540264358403849
1.1220204935150684	0.13591451797242227
0.481991375111874	0.2619070928479296
0.9078792608234757	0.2304811506972399
0.7966445556978002	0.2804074312628033
1.0695092782552031	0.1410272713276273
0.41722517653880375	0.2862495612617825
0.5119658249995774	0.2753766981178975
0.41810719642358174	0.28673184651688344
0.30952178663705565	0.2145742432048152
0.37266485066143673	0.2595265285876887
0.30748525642846775	0.2130291731464653
0.46861324905478785	0.3113485740758578
0.9240959863696201	0.22426844126979387
0.4123472752147343	0.22240086198022851
0.7727213324660666	0.2838035094614477
0.5702614319552991	0.29557985035952794
0.7615835284799971	0.3112424967059334
0.5710583521267854	0.2958029183293447
0.5880071815279714	0.30021765734455075
1.034244642946496	0.1547886665931412
0.4129536214215231	0.2838881506928037
1.103303218487349	0.13698588458404032
0.6051073476737003	0.30404217867125805
0.6977968331396807	0.31420120940900426
0.35005350091380744	0.2442591702604046
0.5814651120164827	0.29858787521305136
0.9437622145677297	0.21627660458192352
0.9996460314198578	0.16590126194834134
0.8499630862631056	0.2687378701600495
0.4101378004166017	0.2823081563699452
0.3593950130573775	0.25069755454756815
0.6833727918899313	0.3137632292593369
0.9384284260694313	0.2184864097274371
0.33654302118996104	0.2346478207110097
0.6326756631887791	0.3089043885565775
1.1036833871444371	0.12776154355882746
0.5976082979748769	0.30244210349005074
0.4141221659148551	0.28453838904340045
1.012722090231235	0.14453557044630838
0.6244442336354039	0.30761911979491446
0.8470952250507279	0.26950669551697465
0.4122354374842521	0.2834869308894514
0.3871681166510501	0.26872802971367477
1.072738384070553	0.14088864004030452
0.3635914833597655	0.25353081717914494
0.457150630185323	0.306272929641125
0.652088019549521	0.31138186981861665
0.36801447307148766	0.256476066523406
0.5615610583685896	0.29305308258987395
1.0630257211630294	0.1415042757400898
0.4408633796125809	0.29854851608654775
0.9913690083936642	0.19599531974056175
0.5542215516708685	0.25924689077138974
0.9160431303113181	0.2274012117132153
0.6419019863824005	0.31017836664554904
0.41709317516326994	0.28617722693761793
0.6486537100495634	0.31099980051785076
0.9116460168461504	0.22907257918798452
0.4057256870910195	0.27979514822172363
0.8365551690793245	0.2721965123218683
0.722125616780648	0.2871503361272806
0.8862645865158567	0.2576831371904327
1.0750400549155719	0.14083269740106052
0.9816303217401986	0.18497746348555702
1.0429497362325502	0.15267008875210564
0.9971021927508714	0.17869274003943544
0.734857596061995	0.3134460988852947
0.59413826365784	0.3016610199642209
0.5001127616286267	0.27030597623552477
0.3632723056387147	0.25331664230817136
0.8816756820218563	0.22363609487193067
1.0538347993585864	0.15056178767959805
0.9624132019851815	0.2083729544210702
0.7177946645084502	0.3141280983966781
0.34362284585995506	0.23972645518703042
0.7227050353122311	0.2871417814869913
0.6906602174230672	0.3140361609885557
0.4570990004270108	0.3062493981366364
0.6181488936417872	0.3065408798044493
1.02142174298227	0.16966004551456101
0.7262859104735377	0.2870735088336757
0.558916124804625	0.2922515823368542
0.6747698683178446	0.3133046514901583
0.38830942296321275	0.2694317342771606
0.4018555105792701	0.2775533252671923
0.3234983001177448	0.22507490847882258
0.807476535443502	0.3042753670119237
0.9008929196770042	0.21713350663316877
0.4119774766953186	0.2833425241976706
0.8444545875569996	0.2702006829680708
0.8744912704586877	0.2419377405609728
0.5707868933719131	0.2957270908759063
0.8205016621839745	0.2758779311298099
0.6681966757855549	0.3128542900663379
0.5166033312571087	0.277270398779041
1.0137389249682514	0.172352712509291
1.0824057971741434	0.14091296020365482
0.32724361414503855	0.22784941394377803
0.9513857714498191	0.17393604547899388
1.0470325804691063	0.15180306300208035
0.8225839891423813	0.2754289698985549
0.5478105626775059	0.28871500036788256
0.5815426967757122	0.2680770388609086
0.5952268770577515	0.3019088405056457
0.3409194839799878	0.23779778778905955
1.0304439791355584	0.1558174184248956
0.8171636572655151	0.27657975567566906
0.5644741621296461	0.2939178083987899
0.8983785876584888	0.25347528246006545
0.8777990371812832	0.24089021388792273
0.7058689177094551	0.28710644565849025
0.5888179762668653	0.30041318520386817
0.8436891943556881	0.2703993330471002
1.0254157471660266	0.15726491360918307
0.7384978584924038	0.28664173527179215
0.8530864325717417	0.2678827260502818
0.6056351772259646	0.3041502915910019
0.8526456377115369	0.2680045346692642
0.9817740049925175	0.18491809290130043
0.9043707659475295	0.23177326982698715
1.0427712717793334	0.15270993121249996
0.9167197727100819	0.2271414946365091
0.4020602542784779	0.2776728012850325
0.36218750048043913	0.2525870843516498
1.0424078552962142	0.15279155336083203
0.9703345542010332	0.18967430186431028
0.7664415519099482	0.2845031545055093
1.0385910012402852	0.164454540214703
0.9084489611945836	0.23026951561599682
0.7103171501260283	0.31424753265249017
0.9171465130094113	0.2269773582576796
0.6386996368169452	0.30975605978285137
0.413241565491887	0.28404867424382346
0.3404943963187345	0.23749331015340103
0.7907123676661553	0.2813571042227613
0.3183799634179684	0.22125382324297005
1.0799117977478867	0.14083950040664647
0.3184197617629098	0.22128365518089457
0.9753261283163909	0.20282174604172162
0.5982906772247705	0.30259266730412054
0.416258990329351	0.28571916676810155
0.5384040342310955	0.28550115951447724
0.5923941449787712	0.3012586665837838
0.9825261994581942	0.17239041018408974
1.011784591302422	0.17306510962199945
0.5553542251397945	0.3405501034908675
0.942450301915881	0.21682269380799538
0.3433626736758677	0.23954142259891223
0.41121972199582596	0.2829174318503143
0.7985214919500654	0.2800922455830147
1.0025317512926957	0.17656196940322422
1.0474704743622503	0.15171528571224055
1.0078365482407678	0.17453373031156486
1.0935631745043402	0.12670942782771677
0.6963472753407203	0.31417585308019846
0.6611306211278173	0.31227310076838344
0.6323149854565718	0.3088510167447989
0.34363249106732485	0.2397333123791487
0.39164631150393936	0.2714719305372175
0.3546105090600474	0.24742219712034766
0.7214676151577406	0.3140292997888529
0.6181674847748825	0.30654418612985906
1.048130202062971	0.15158501142272365
0.3896114384105821	0.27023085830046784
0.8655373153442806	0.2642911493801772
1.0863967840277347	0.13504486162131527
0.6939632609503871	0.2867248303541794
1.0258187414400695	0.16820789658243948
0.3827467400698893	0.2659736312390857
0.4170638521985351	0.28616115296283373
0.3923988211610687	0.2719284582790521
0.33904010699299514	0.2364492120695865
1.100291860747303	0.14311576449644092
0.41624438360024546	0.2857111315553878
1.0153578544402548	0.14383264575785004
0.7193152424072604	0.28718196813054275
0.4041605310377617	0.27889273921084645
0.4116483105395093	0.2831580305473728
0.4163785216866703	0.2249840579974865
0.5755278485169509	0.2970280822691523
0.9794006830711591	0.20107332922380475
0.32350659373680823	0.22508107338272793
0.7180557009245372	0.2871908349161888
0.8398500945927777	0.27137869875370435
0.36996211396100614	0.2577594530258949
0.9444657049198668	0.21598312114023852
0.3653417228257963	0.2547013654060468
0.3885003259163016	0.26954914760843646
0.46281721055909203	0.30881901448145704
0.5015521916666531	0.27093952291400897
0.34597628625604	0.24139446174591442
1.0639895513237527	0.14925259789985365
0.4307804775919128	0.29346112822739906
0.9613919730238166	0.2088107446583146
0.36705487227404165	0.25584068457069736
0.9824579335567533	0.1997660868983497
0.49812666318152676	0.3230773822407047
0.850216019841976	0.26866930968963104
0.8120940738197909	0.2776034399108355
0.5901781578820577	0.30073801128769884
0.3882585486302696	0.2694004302352728
0.8447573295149367	0.27012179847103207
1.0446179531284427	0.15230541178342286
1.0729111549261527	0.14088317789936008
1.0300042150715105	0.18168805337770422
0.5275767851839789	0.2815510284335311
0.6418059238731442	0.31016600516432147
1.0317483617652845	0.15545774324455097
0.3641432927860496	0.25390057637315383
0.624913526650565	0.27856575767324626
0.9977364199160018	0.16660333260749952
0.43516023417324756	0.29569984958929185
1.0179519581705072	0.1708534938596523
0.4177980914238086	0.2865630360094849
0.39624613477291054	0.27424197822105617
0.8338606006606681	0.27284964241320575
0.4103509024809185	0.28242837973618085
0.3471577933706538	0.24222790760654625
0.7002929370977171	0.28696464518257614
0.3717475015585513	0.2589285731104555
1.1134535082972834	0.13370704792217628
0.8453305926601759	0.26997194274522424
1.0213841005201272	0.16967277737686634
0.9089150817638074	0.24962242524418315
0.4556743063899706	0.3055976775121356
0.7878134153063077	0.28179545204927064
0.5692462491258813	0.29529365854002193
0.7980692569253592	0.28016883324080694
0.9867948047169011	0.18285287874381392
1.0174353995895424	0.1710344715232501
0.850042138175697	0.2687164553518906
0.7727723276219065	0.2837975003919594
0.44754259697886506	0.30178953499843886
0.3403624116469947	0.23739870763049178
0.8981088522573157	0.23403020676370268
0.604870893496312	0.30399355493452873
0.5640233403162623	0.29378522070789687
1.0050960903595196	0.17557424441687552
0.35025533488967714	0.24440014036353194
0.39870170666225474	0.27570059099137617
1.0787572691042324	0.1348168491842965
0.7159634300375748	0.28719829267997016
0.5920389330615191	0.30117592007386357
0.32621428124909524	0.22708883030035615
0.6544431285373074	0.31162998494597544
0.5552757247995058	0.29112284036965086
1.0738152834189736	0.13485287529920836
0.45536628589866035	0.3054561699128619
0.4734364295932371	0.25766853341913026
0.6804120388781499	0.28592814325367943
1.011081902073658	0.17332369834280392
0.4886326039236539	0.31951211138705554
0.7934882245410594	0.28092152334859677
1.010788072075627	0.17343219875048577
0.8169000737624513	0.27663423587143293
0.7108169176231378	0.28717795795625245
0.3900731480558921	0.2705132960795721
0.8619013119811102	0.2653699312337702
0.5362313699465007	0.2847301296114368
0.4254422542703971	0.2906722511254514
0.6042347767726245	0.30386215607660944
1.0078169439919855	0.16297878588617823
0.7022725146590831	0.3142532804355234
0.3459076638151026	0.24134597310460318
1.0253936410578615	0.1683451378470965
0.9381377575511122	0.2186060133869243
0.39462169054413965	0.2732693408158739
0.9411222667654527	0.2173738314505937
0.37162016576811635	0.2588454240484774
0.8292899042054358	0.2739251430345023
0.5092506102288821	0.2742444678469616
0.8742024594680176	0.26162234034137677
0.3725019175138012	0.259420460611836
0.3661008882341205	0.2552070305108305
0.9206588045469498	0.18537166925306836
1.0133797145481702	0.16107702112309852
0.5516051433981324	0.28995461926415483
0.7947986231134764	0.28071051835695887
0.9711291186859714	0.20462667728149875
0.3877632538979329	0.26909535303049165
0.9981952568508092	0.1782598442938813
0.5905497620991289	0.30082605991263145
0.9231410394167732	0.224644600661911
0.7655725649464561	0.28459366099651084
0.6696529301927745	0.28501883571417885
0.35705275941548437	0.2491000285031077
0.4034030313184657	0.27845393698299975
0.38296897071195685	0.26611314443917605
0.41383305061920916	0.28437780783978733
0.9065062617385056	0.23098911610144315
0.8088973455362473	0.30399656400582753
0.5872680589969407	0.3000381749454059
0.5844218068269144	0.26890608826148105
0.9146266579420181	0.22794274217616914
0.49788040700897124	0.2693136856894035
0.42046151473530713	0.28801027647696187
0.4141366317751869	0.2845464185737434
0.7418307129887727	0.3130042866697378
0.9031332170206194	0.2322243667093086
0.3989166881542919	0.2758276212034459
1.0364089409546977	0.15422985042681464
0.5212129847486281	0.2791027720829979
0.5492851210568079	0.28920057661694143
0.3544650083379724	0.2473218519215945
0.8620103991195422	0.2457067968014832
0.5864571846177692	0.2694806377710448
1.1073025700316828	0.12165944462782453
0.33471343786085445	0.23332122545898562
0.845426091461001	0.2699469172491869
1.0171160141335045	0.1711467797632014
0.9447730262286876	0.21585477234076625
0.793168844705624	0.2809724282077284
1.0001233603490982	0.17750091998292464
0.9374324389124669	0.21889586626232885
0.38847486085450417	0.26953349038729835
0.39789760189975815	0.2752244989509143
0.9136117193046791	0.22832894920995642
0.7438488452621229	0.28635588817184604
0.8355074825044587	0.27245213706312155
0.8161089013347294	0.27679693733766286
1.1220701136816122	0.12390047588423458
0.742501518154166	0.31295681398825664
0.28933334873858674	0.1991925233445763
0.5219217438151216	0.2793801066345643
0.641306580275689	0.3101014434720618
0.9935567057795675	0.18010894213198442
0.5556660501510681	0.3406269672407828
0.9960359468572163	0.1672338811385063
0.7825081437097898	0.2825537972098379
0.3894705871845924	0.27014459845593036
0.3676412530481879	0.2562291849826856
0.6239939282234445	0.3075447426776685
0.9728585503049235	0.1886213135140513
0.42529019321460754	0.29059183757776025
0.7810160005026371	0.2626772921920673
0.3639002619294267	0.2537378057590055
0.3858705682538358	0.2679243454722941
1.0671080874895784	0.1490009764850288
1.2333954458281748	0.17721739760784513
0.2363243269167762	0.16116903889216747
0.7751678932340875	0.283509276258178
1.0243655458897847	0.14158977081773874
0.4055311270149315	0.2796832841536625
0.7092040511869689	0.31425592289048554
0.4056839802149243	0.27977117593315304
0.964436360209417	0.1689962211318267
1.0555662943535162	0.14235408760573362
1.0176206103368026	0.1596829422426012
0.5319611113328008	0.33422496079621233
0.8991599572431831	0.25319555656766557
0.4019646813829927	0.2776170429207513
0.32342368212121864	0.2250194385434572
0.5997661462181941	0.3029148185185721
0.39599431532655693	0.2740916031980818
1.0160667028013537	0.1601877667213935
0.3955180756900495	0.27380681128388773
0.6583485296443012	0.3120165747727571
0.5469957303752658	0.28844456217353975
0.3196117153808838	0.22217627662291614
0.620570241465714	0.30696540698926555
0.4202086157384559	0.2878735692915481
0.7383137426855528	0.3132389109267497
0.9101049798198622	0.22965147807148048
0.6309308646449785	0.30864369887694376
0.6059630415550642	0.30421714873591954
0.7024137843738705	0.3142542798260656
0.3412510076762098	0.23803502294823997
0.2963770189473043	0.20456596459530516
1.0522787685346366	0.150821953432468
0.4524569416027443	0.3041089623265845
0.7815603347374633	0.28268329826509453
0.3974834295193862	0.27497868890129706
1.0897088242839066	0.12643623553559363
0.3739106335992416	0.1963986547104021
1.0244657112833877	0.14874180027628645
0.5940847843020737	0.3016487799156215
0.5097178379367675	0.27444053765467946
0.30841850922343833	0.21373756905581612
0.4321221407930702	0.2941516473276062
0.8914933246255469	0.2558970348771957
1.0313487801406171	0.16649000258191998
0.41344335459662274	0.2841610523640106
0.4019373831466611	0.2776011128870901
0.6435945162372031	0.3103930571131099
0.8304917645136882	0.27364629792612893
0.8875664734551778	0.22170949422238975
0.7651124203764547	0.2846409640696827
0.6815589783154758	0.2860105883749158
0.9452014377792797	0.20009894667269834
0.8506396256764756	0.2488820506931059
0.8737008888080542	0.26178054161726266
0.6505147773354264	0.3112098317525163
0.5654107899402894	0.2941918299100359
0.8170483481674935	0.27660360589228067
0.7782563370270067	0.2831205350589426
0.8396576151462805	0.27142705141930473
0.8149704917850897	0.2770288703650339
0.3875477701196189	0.2689624490394348
1.008516099780202	0.1627355371637865
0.6405389561243711	0.3100011957658452
0.6376286635216984	0.30961011724060133
0.2778961922384367	0.19052245247742045
0.6076782688086401	0.30456319618225136
0.9670637573560888	0.19103981824315705
0.6254021202269674	0.30777592842170987
0.8979439277329527	0.2536304619322994
0.6487118100046416	0.3110064643343529
0.7254500653264232	0.28709181622736973
0.585947340333077	0.2693376144234543
0.38353814440837813	0.2664699483998313
0.8309838549367009	0.25377244017171335
0.2627222439991331	0.17928816364442493
0.958603923399485	0.21000386384133402
0.6944563813791054	0.3141365229376557
0.3903944494478165	0.270709552173167
1.0937333786823291	0.14192800047561857
0.9351941199556721	0.20414549372497362
0.41652961693196733	0.22508024043871583
0.33048683400486406	0.23023573332097316
0.41121972199582596	0.2829174318503143
0.935172592036805	0.2198209458415729
0.9838205917343569	0.18407394392277712
0.9957468646008799	0.1792320109587581
0.8369094511157982	0.2721095885586424
0.42841191563850695	0.29223188696472685
0.8100725730746692	0.27799740261489064
0.9301405716598252	0.19305104771995846
0.5640734069703169	0.2937999677095093
1.003512420886311	0.17618271157514087
1.0283931841751925	0.15639635252948195
0.525430833296257	0.28073596470464635
0.9363172113219754	0.23887534805926455
0.8486325350072531	0.24941643947614
0.40456107253120155	0.27912422150604266
0.36553118008525165	0.25482767617735885
0.7853993218009717	0.2821475658315325
1.0667327908229343	0.1490271436174787
1.1359968581638737	0.14922594575654544
0.9515504550633234	0.21300430929403327
0.9491223630983532	0.21402968403241043
0.35817686580449254	0.24986815017510644
0.7817634765817633	0.28265569536507307
0.8788363210221396	0.2405575955817595
0.5663663419732493	0.2944693823242786
0.8247269435024528	0.27495801437863454
0.916340049715482	0.22728732608533486
0.8700560455523073	0.24331059507250208
0.4357946062924637	0.2960204262381676
1.0999202474612149	0.13641768230557483
0.38430814413296793	0.26695146596712543
1.0561804944160869	0.15019790098677038
0.9709915631436707	0.18940010709991592
0.6153293537371365	0.306031043024837
0.9767530322583182	0.20220884188013988
0.44782529777424573	0.3019244564982148
0.4428639481129507	0.29953001729631934
0.8703063686095618	0.24323408664872628
0.6380683512680071	0.3096703198020015
0.6201225436099124	0.30688783874573977
0.3856322147920661	0.2677762915199397
0.3273205069220504	0.2279061699598403
0.8216171909124169	0.2756384806954398
0.4949697409756212	0.2680020519741886
0.9350823465887054	0.21985777159700134
1.103355845684513	0.13185899926143552
1.0711106543989082	0.14094993762138996
0.5866881045083968	0.29989651575903364
0.36338229474291506	0.25339047196863707
0.9653573170009985	0.19175223273958666
0.9882217208355618	0.18226981390118005
0.5502178130934247	0.2895051764515028
0.5694010846784552	0.34382108243103304
0.890875852576397	0.2561103726805805
0.8741264932407979	0.26164633011133426
0.4415447562045758	0.2988838410676063
0.9212823686202061	0.22537321940413674
0.6360548028744696	0.2805803919861688
0.5622748985422165	0.29326672571446927
0.620463147173203	0.27768434070744547
0.9866201428662692	0.18292437875016343
0.3890253692417381	0.20687344431628568
0.6244254649577092	0.3076160282092491
0.5943879072240531	0.3017180756718174
0.40932996003099936	0.2818514411940733
0.9540570847985281	0.21194144605239243
0.892300737918508	0.2556171065246849
0.3453305771826802	0.24093785049439362
0.906092237085975	0.23114171063971714
0.9238749369103554	0.22435562211700158
0.3500030856774953	0.2442239454161295
0.6719145163564813	0.3131196828597154
0.8269625405128639	0.2744570714114221
0.9466332483787394	0.19951320418108104
1.011012332112701	0.1733493682983061
0.376051784641278	0.2617179590792019
1.0785385151586968	0.13481550292427527
1.0263775003653426	0.16802857895196677
0.7791040321676803	0.2830104597656939
0.8372796632203725	0.27201849590710114
0.3712733774705243	0.2586187921866162
0.6541118914446553	0.3115957706100479
0.3734818823811757	0.2600575165708434
0.6434020097641268	0.3103689347056793
0.5300713153358999	0.28248507781942156
0.3632393237119149	0.2532944982901975
1.0802001310757265	0.13483274607991777
0.3470490843322692	0.24215133479829912
0.3834638022605023	0.2664233868341792
0.7974157574313459	0.28027878158062103
0.416258990329351	0.28571916676810155
0.7813233086712971	0.2827153999618165
0.8949450707539144	0.21921217998241196
0.7047156289490877	0.31426501640587945
0.6360058791121878	0.3093844737266499
0.8801298511684351	0.24014006774865168
0.41534065503492484	0.2852130168582967
0.9457241761609861	0.23499645572177688
0.7998772627408857	0.27986018527242723
0.6514890528305821	0.2829223303554479
0.5669037623044446	0.2946245938180203
0.8498207695438322	0.2687763930997328
0.6410762169121679	0.3100714863988086
1.0076180987389387	0.17461606779197666
0.4031420021493104	0.2783024180311558
0.9597090861195422	0.19410740426201575
1.1452021946383855	0.14580762910756712
0.5288291425625496	0.2820217597146581
0.653878146259634	0.31157149215312285
0.6341201234345055	0.30911543731474
0.6974544837842509	0.3141955959649931
0.9160074846089662	0.22741487528841892
0.41457105501001035	0.28478732472922497
0.97120150997187	0.189312500498214
0.3968039444510855	0.2745745508981185
0.7079093398420442	0.3142626162598488
0.9994861793297626	0.1926433514348816
0.31015163607911267	0.21505148896114945
0.9576024320298518	0.2104315869897696
1.0339164771908764	0.16573843304163027
0.9403896594729536	0.217677128428059
0.38162744200405707	0.26526923709794675
0.34663476521579906	0.2418592877402055
0.8879074291303732	0.23756627735215388
0.3923988211610687	0.2719284582790521
0.6749485408359734	0.3133156819906589
0.8484276569766136	0.26915144707098865
1.0670645510518642	0.16003575487646382
0.9523451911310381	0.21266777802396308
0.3965115597276934	0.27440031803921394
1.0015879426883978	0.1769286816217041
0.7508236414788705	0.28589517309177653
0.47926323548969973	0.31580140379105204
0.5923230827270506	0.3012421343878325
0.9714328749005955	0.2044959882379153
0.3242719497643947	0.22564959404515678
0.9864870017760451	0.1829789000923079
0.7380876212284843	0.28666122313493037
0.3978040028632766	0.27516898316934807
0.4188301109672287	0.2871257776540622
0.5526895828306821	0.2903029149313027
0.38735784578393123	0.26884522062418437
0.5021577472975661	0.27120457927479336
0.8748553359940037	0.2614157368663789
0.4322942858342496	0.29423994358237926
0.3369928150509902	0.23497309321649226
0.5864949401021015	0.29984917189264415
0.6476859374071022	0.31088778693163666
0.35747598606082254	0.2493895350341384
0.3344244415972025	0.23311117032772408
0.36349235980875383	0.2534643266315136
0.6109952561379975	0.30521472738103056
0.6474151512050202	0.31085610240897116
0.4356041242670699	0.2959242649404603
0.6450975788134283	0.31057878900591085
0.5135928076019739	0.32847170848593427
0.45274481106740466	0.3042431214740442
0.36413223791823907	0.25389317510404424
0.8511794585151146	0.2684070431468143
0.9631839863135804	0.1926591667983568
0.38707964314285603	0.26867335350564714
0.8145907364874245	0.2771056679901309
0.35666231192041176	0.24883261523690134
0.825004661900053	0.2748963188191016
0.42805788263698014	0.29204702991372034
0.5207855879603671	0.2789349670997277
1.056984781911966	0.14216913512977986
0.7614120686255511	0.2850057000941739
0.7370735885687695	0.3133159231182869
0.8032636452345547	0.3050800679620916
0.6334735726185783	0.3090215038667989
1.0052691428226272	0.1638747826317902
0.39522761435748577	0.27363285598366927
1.1050679706510713	0.13732277750914818
0.9217274201432628	0.22519918235328212
0.9180222114472008	0.22663972239982091
0.8774287150236066	0.22498698641674378
0.3645196128295955	0.25415236677363495
0.422404821429973	0.2890557689616369
0.622476358576324	0.3072909698032846
1.025336966861069	0.15728833051083912
0.3666501482198065	0.25557210128348723
0.9845452872780488	0.19887677835877351
0.4233676331377073	0.2895704936196402
0.598715171104982	0.27273984115795735
0.8933891195461398	0.23568831015214853
0.37214169685630744	0.25918575061160826
0.460683547633124	0.30786882726588183
0.9540890987608549	0.21192784511202678
0.4156026451423476	0.2853576164742148
0.372734727370014	0.25957199956837684
0.9327846298676337	0.22079227415702402
0.9308146995552576	0.22158857420518968
0.4106069072218756	0.2825726664934877
0.9439362505505497	0.23573908552501582
0.4956136616759416	0.26829396240001196
0.40129693618131385	0.2772268771289157
0.5890826543639595	0.3004767062715735
0.8227313773452082	0.27539686814991887
0.49315426146370406	0.2671737061563867
0.9181958883824649	0.24609130328581738
0.6006858504807114	0.30311327229587776
0.9239214846012809	0.2243372693268718
0.44177228349138103	0.2989955757988469
1.0072154969734648	0.18956660997485344
0.7688768337668809	0.2842413388667306
0.634310391249367	0.30914291559508034
0.37418534385880603	0.2605135014684033
0.8055855352894464	0.2788427919487392
0.6575662128807586	0.3119416144353233
0.6159589461996923	0.3061463355944258
0.5921099555704499	0.3011924864729648
0.3835505377471552	0.2664777092974388
1.0260274218809895	0.1681407829503313
0.949800787346361	0.18537135090972257
0.8467617165419871	0.26959508280737304
0.7343278729190881	0.286823706727477
1.0357462917401734	0.15439879131487297
0.4835304509478255	0.3175152569171499
0.902645216715967	0.2165103117711489
0.5907976515231778	0.3008846297102355
0.9512731009643545	0.1976054742128241
0.5569174356422578	0.2601963932400437
0.40599002620759767	0.2799469905103528
0.2877850188261286	0.198013309134417
0.23071273964406774	0.15762854103776802
0.9635349575647325	0.20789166981828736
0.5490924473654355	0.28913740797155735
1.2257902462156234	0.21077213613230852
0.7862615978879443	0.30799074703563
0.7921766436999241	0.28112926408606087
0.8226959347819477	0.3010960359994715
0.7639703133881985	0.28475651218200604
0.6675679061712091	0.2848141143760355
1.051424472240394	0.15097096090119244
0.9017550476167561	0.25225951956952775
0.6313856297432091	0.30871225276766306
0.7296131896350946	0.31371614315801166
0.6248572752259165	0.30768697030934333
0.8118291768338997	0.27765552727124243
0.9494363059211895	0.21389735416838732
0.5659421617700292	0.3430518395885732
0.8596365042561056	0.2302861027161845
0.41952571855972703	0.2875036758156088
0.32894593205034467	0.2291039108739666
0.9138627147065815	0.22823358166608415
0.8235334058122484	0.2752214329515747
1.0639215358980474	0.14142329072171886
1.0718406686714281	0.1409202601907967
0.4709307100016093	0.31233896033851366
0.8251189912819958	0.27487087629822216
0.42448592450362943	0.2901656248111171
0.4322316735323072	0.29420783657179295
0.9690967984723008	0.20550107459475303
0.459004480633907	0.2501201215857262
0.5567801913740381	0.2915929146959885
0.7251228162126446	0.3139047921164744
0.7477297288567535	0.2861118324273786
0.3713773385474732	0.2586867604547256
0.8012483187358113	0.27962176564035424
0.649273637954568	0.31107054794853156
0.29535538563710534	0.20378617678380181
0.3627892546382676	0.25299208962452696
0.6569422358834708	0.28362624474070436
0.9293731136568735	0.2221683496921619
0.9182349160565195	0.22655754655568286
0.7110883881302388	0.28718040618057056
0.8288021730740037	0.27403749539260597
0.32947492286228786	0.2294928694856472
0.3466249149764252	0.24185234046316165
0.34961043970596994	0.24394943474527517
0.3684452966024024	0.2567606729133018
0.7714121057580625	0.28395597780821535
0.7756772733132328	0.2834464907313733
0.9687784276063061	0.1903239043407371
0.8732749563150769	0.26191452947836663
0.7802393920960486	0.282860753905421
0.5584550847244549	0.292110273202039
0.37345848379477836	0.2600423305685387
0.6074590198052786	0.30451931030661317
0.5232106388014723	0.2798814455605364
0.37439695089942804	0.26065044897844003
0.46113695354998346	0.30807160104605347
0.7169630879771423	0.31414680021703273
0.5833799317562095	0.2990745216778112
0.3129713509414937	0.21718409328899999
0.7665948782652429	0.28448702597388575
0.3211485617233461	0.22332470574122917
1.016781143601255	0.17126486629132212
0.776052188007827	0.3094766503638553
0.3947532516499846	0.27334834153491816
0.8533853751133488	0.26779990711331075
0.5596252097118174	0.29246799014689123
0.9353417400078546	0.21975189848380144
0.7239494155705692	0.28712106175251045
0.8238769148938159	0.275145906486109
0.9749559105125452	0.20298084940075295
0.9619134062764406	0.20858725762416208
0.6619549236294283	0.31234609705655103
0.938573669390208	0.218426612231134
1.0489544098377463	0.15142562682816002
0.8278909907428964	0.2742461437864007
0.42072959868818893	0.28815502896840006
0.6370937246746826	0.30953633553683685
0.8915020716815653	0.2363406579473217
0.7406859817105775	0.2865319505339886
0.6718154892419558	0.31311297421900386
0.3634373177772603	0.25342739617673965
0.9782386874920309	0.18638238125603276
1.0123036666501297	0.16143869773278277
0.7711059571725721	0.28399112930278325
0.8590201729054987	0.2465659867364906
0.9376833737021038	0.20314740047562846
0.49129919728090166	0.26631916498572095
0.708232962806558	0.31426125237240077
0.8858187200199502	0.23826805049824815
0.8028181770007983	0.27934415678490054
0.4056422817569639	0.27974720441581735
0.8000972469319968	0.25988307517104625
1.0372378898133265	0.15402123912155113
0.3928804297314035	0.27221994831024465
0.390754959815168	0.27092947337290685
0.5483420684750245	0.3387702233355042
0.984720260597192	0.1988023712413783
0.8393046078995476	0.27151554386626287
0.436526141544168	0.2963889482776754
0.3383511741234704	0.23595329616870606
0.746972648604067	0.31261814708488656
0.4152824774929538	0.2851808852740102
0.8964510934799353	0.21869128181143518
0.9042484014734329	0.23181798215870292
0.7009611345644687	0.31424212290036285
0.5602859736310198	0.29266863989666914
0.5060515953335568	0.32590500337697675
0.414933736431882	0.28498810885292114
0.5943344020229823	0.3017058584000301
0.416258990329351	0.28571916676810155
0.33008462055793064	0.2299406472447726
0.7880158379196167	0.2817653934839184
0.6818251050220632	0.28602932036614326
0.3875604386867988	0.2689702655963822
0.9365435642649814	0.20360516887933397
0.9588001137143696	0.19448570393329181
0.4354772174045972	0.29586015179150665
0.5369281876891767	0.2849785933629801
0.3344334633080316	0.23311772978152576
0.9468511135952496	0.21498471985866852
0.3080676585957199	0.21347132059046806
0.655242465223394	0.31171163170227106
0.842794598518912	0.2509257819505588
0.8046193568836483	0.27901957319627807
0.8716087532459014	0.24283413965772854
0.3799919510431214	0.2642348586383339
0.9093080447691773	0.2299494273978249
0.4764869103917485	0.259200065635662
1.1150081124018776	0.13980193282459527
0.7814926159916517	0.2826924813558226
0.8492512039142927	0.26893017918995926
0.9609935631023255	0.1809155338690039
0.5169859131168477	0.3295874572297405
0.40282646707764413	0.2781190475777316
0.8893664371682224	0.23707152982205498
0.8511163245741279	0.26842428350024106
0.427658307333016	0.2918380429021915
0.7989233486110267	0.2800238457985781
0.40251142170256365	0.2779357295810706
0.37119256350681784	0.258565940620862
0.5346727154000791	0.2841703262597571
1.0264966173526346	0.16799051123091982
0.4062965253986373	0.28012284585621855
0.4177392629055819	0.28653088288558715
0.976304679060379	0.20240136579511553
1.0833761292906965	0.14095507470444957
0.32200610606985514	0.22396426073539794
0.3952540019578828	0.2736486674406469
0.5546723359139374	0.2909328829566277
0.46872064933050883	0.3113947371970517
0.38199566751541975	0.265501283599972
0.3851814492988023	0.2674959403909663
0.6306657159954999	0.30860353103725263
0.9018919698759602	0.23267433031734033
0.35173714668128736	0.24543263562505077
1.0185967243170517	0.17062876710907118
0.6551254477042993	0.31169976032179136
1.100251697597997	0.13143322558056347
0.41120545048947016	0.28290941279466225
0.9925295038006875	0.18052241039308903
0.3558948820435274	0.2483060931605755
1.0315214591611988	0.15551982273227014
0.5729463244926734	0.29632580150194326
0.9344190032974625	0.23964852464389638
0.23299407921772047	0.1590535899313699
0.663298222226072	0.2843658911367355
0.7745225170041221	0.28358806965552424
0.5327385767137734	0.283467898412935
0.6963271498942774	0.3141754717620585
0.3993742992211234	0.2760976596413571
0.36025558973127886	0.2512816202741524
0.44384547199951213	0.3000081991776215
0.4553701397864322	0.24814075584058412
0.40597610519802885	0.2799389980488674
0.845871581866262	0.26982994505506114
0.3908580896165353	0.2709923300405007
0.9584038686910331	0.2100893433918102
0.895691760600948	0.25442960016191385
0.707060007910155	0.31426521528581114
0.9000554688801714	0.2528737627147162
0.9378371291383953	0.23825374805125132
0.42407727204647294	0.28994848661298567
0.4148756669283452	0.28495598167415875
0.861699528720947	0.2654290803372218
0.5639036630530995	0.34258744734410457
0.6503207371287499	0.31118826335523925
0.9966349193132885	0.1788783564935071
0.6998117792864154	0.3142295508996458
0.9311228603926678	0.2214643117029469
0.9194851040413488	0.22607325818585416
0.669283141563223	0.312934721622962
1.0110664432259955	0.1733294013000797
0.3524631411521215	0.2459368962197529
0.3508827834973638	0.24483786526606413
0.5562235043347267	0.29141956808597413
0.8243837599505843	0.2750340435353399
0.8151025472653073	0.27700209786666125
0.8982916879839061	0.25350633123879507
0.30913813338327695	0.21428339808930694
0.6188609501944913	0.277356244937155
0.8999799077141549	0.23336256106695308
0.6984414081636046	0.31421114913833537
0.3775428775539105	0.2626745667386608
0.7968960826542997	0.28036560332264093
0.7642260413241356	0.2847308704898875
0.5697873778408279	0.2954464921286916
0.9565555245824455	0.21087816322850397
0.5305269858850515	0.2826541442779627
0.9482656501242446	0.21439040747016985
0.4032656058201726	0.27837418579719614
0.8664860297744499	0.2443889367334926
0.321221834520108	0.22337938819069542
1.0402081055892347	0.16403789530009297
0.9898602780496605	0.1966283601573005
0.8221908378837052	0.27551439039979814
0.5860211357728454	0.2997327019284108
0.6086476072913819	0.3047560032513008
0.8023841601300068	0.2794213998995954
0.5515728206599936	0.2899441973108713
0.9728668197289982	0.20387911751769397
1.0830072442771146	0.13489932473607802
0.7448233711884235	0.2862975055798199
0.6423247947366408	0.3102325490743026
0.32703026409209673	0.22769189171903917
0.6245193135155848	0.307631479644293
0.3921260164573605	0.2717631065666175
0.6276989365576388	0.30814414095583403
1.086891171006625	0.13507225061779404
0.7891287112070852	0.2815986642405625
0.5629567221855417	0.2934697272830244
0.40853928908079157	0.28140295394727044
0.9918101304187928	0.18081275080278217
0.41806301230112114	0.2867077300655471
0.34276705012211206	0.23911734882967314
0.8214860215950512	0.27566676383901084
0.377782647139942	0.2628279222659368
0.8305630729951445	0.2538687080284972
0.38374894704734347	0.2666019083480338
0.709608766608576	0.31425315412372706
0.39791097682328536	0.27523243026413274
0.8513688245736576	0.2683552863897433
0.6992070962657673	0.3142218887093413
0.9550800023705642	0.2115065556735953
0.5633563745670905	0.29358823623047325
0.9668772820983198	0.20645570654154033
0.6162925161095091	0.30620708215761133
0.769656151516613	0.31030658954577056
0.8534957940192196	0.24810802665380957
0.6168117541596126	0.30630117573956334
0.8006184147891364	0.25979617517933823
0.3858078135215904	0.267885377848841
0.5271103189095097	0.2813747662532591
0.345311055659667	0.24092403362978412
0.5961387791997467	0.3021144756131049
0.31584393797682375	0.21934929984196647
0.9311684913410101	0.2214459018318818
0.5984524211544743	0.3026282093043594
0.9028999973116768	0.23230910123463616
0.3708466600212026	0.2583395595310442
0.3353568773166132	0.23378840908117365
0.3820325318803968	0.2655244975645849
1.0686394592506965	0.13014167199803298
1.0276554514434777	0.15660852321010882
0.8507689814871477	0.2685189988916964
0.8705039079456013	0.2431736282979201
0.4714902317075665	0.31257628342064137
1.0526520355442368	0.1507582101043062
0.4113221501540381	0.22173881103022208
0.37727951251530506	0.26250597002572196
0.9492847839372054	0.2139612315461442
0.8115973376615299	0.27770099994589925
0.6418635600302167	0.31017342415373084
1.002729964268772	0.19133585152988228
1.011543835835068	0.16169593509717264
1.0138310041362342	0.17231940141107666
0.6383552366651225	0.30970938576851575
0.6030915763794494	0.3036238494067482
0.9598724193085882	0.19403940070951764
1.097739718044868	0.1361027429184373
0.4164489659048601	0.28582362755328033
0.3991319031031054	0.27595468139690005
1.0225284792772178	0.18400738699628902
1.0234751083588178	0.15784807349622101
0.3796399830807132	0.2640114584020177
0.5526247515113165	0.29028216713487265
0.3009304917070381	0.20804019147926234
0.6852115366887886	0.3138420687984264
0.3456628514998874	0.2411729158675284
0.36032032463090713	0.2513254921274329
1.0123307748582067	0.1614295483595411
0.39247683723593974	0.27197571345286176
1.0399169633197254	0.1533683168698025
0.9555371623327085	0.21131199378215748
0.38737050133141154	0.26885303468696586
1.1157966825909165	0.14004516638622636
0.8928138479961613	0.25543864571088426
1.0145744914658428	0.17205129410647535
0.6499133876375689	0.3111427348341541
0.45125791273431437	0.3035481357161009
0.3899704476070651	0.2704505146206622
0.9781874002193341	0.18640367204207353
0.3638450791095923	0.25370082920163106
0.49339378554984625	0.2672834441637667
0.7499386303741402	0.31237217032115366
0.6823943705430432	0.313718529117125
0.36257017056920104	0.252844726611956
0.39595458411078893	0.2740678640583029
1.0044981495447103	0.17580338826379827
0.850216019841976	0.26866930968963104
0.9809377778250271	0.20041546831380072
0.6926075285848033	0.31409121514555854
1.033346990986131	0.15502629579173463
0.8620099367671152	0.26533805846188385
0.9540677564623106	0.21193691233075104
0.3392362452399045	0.23659024653877617
1.0653157628545995	0.14913619801813222
0.8249066535554928	0.2749181088413491
1.0111050891204383	0.17331514549028523
0.3428437634617884	0.23917200405893413
0.650689448873303	0.3112291815582189
0.37508058632004976	0.26109219760312374
0.4203722239525608	0.2879620264732618
0.8639154491701554	0.26477537508106824
1.007179015745539	0.18958079570515332
0.9162925579848764	0.2273055504714459
0.7293693113571775	0.31372739830903507
1.051422383224923	0.1429539960787799
0.646139717407439	0.31070484811328974
0.41378971648419	0.2843537222241429
0.3425275901831321	0.23894667358402571
0.8312866361332517	0.2734603263102861
0.5623413670174271	0.293286561112113
0.6133336963432248	0.3056600826714037
0.8984944287529707	0.25343387411440954
0.5572884614843253	0.2917505782789823
0.3155870061648775	0.21915596803532164
0.8789961311089389	0.22449218085339653
0.6226260895263861	0.3073162220626102
0.6276800794710645	0.30814116257156204
0.5656452816463363	0.2942601285204328
0.8681998109026766	0.2634857166336061
0.9756638138623995	0.1874526678002795
0.37874503720376734	0.26344215436149687
0.8637452832950959	0.26482589778308724
0.8873473343484275	0.2573171041295813
0.3476331190026407	0.2425624520675432
0.36025558973127886	0.2512816202741524
0.43388059527107475	0.2950503563786154
0.3252099811389189	0.22634530740258893
0.6754648441650721	0.3133471967194077
0.5517182951768513	0.2899910847026029
1.0522344791256324	0.150829572075509
0.5348729217477002	0.28424254439661245
0.6006858504807114	0.30311327229587776
0.895065062312313	0.2546504965481354
0.839208304437159	0.2715396434981874
1.0217012353644184	0.13617969033611743
1.0853828639504186	0.1349936590189707
0.6148483290569684	0.3059423949281988
0.7379508784658961	0.2866676420859928
0.36115347222276584	0.25188933811356395
1.0411378424555793	0.1530818855999224
0.4056978815715463	0.2797791666104056
0.6815163391122313	0.3136767887980882
0.7488579768010062	0.2860350930284395
0.6590531341475456	0.31208302656960035
0.3732714113330194	0.25992087404065095
0.339282986003314	0.23662384579817103
0.6617193428944578	0.3123253754460061
0.37979767490260535	0.2641115829560103
1.045152186194315	0.15219163363557778
0.3605687234641472	0.2514937537237131
0.7424608640728136	0.3129597158719615
0.5444038636981883	0.2875743227198806
0.3401740796701629	0.23726366325483753
0.7344987351165502	0.28681695343979546
0.9620071761320597	0.20854705740692822
0.9136595403904211	0.2283107864475611
0.3393016867468718	0.2366372876144183
0.807681707993899	0.27845285226664906
0.4076252602463644	0.28088267213839685
0.6678018481578968	0.3128244719605824
0.4126085944797451	0.28369554897793947
0.8499472747718713	0.2687421519928467
0.389790857028185	0.2703406711027639
0.9910449097622926	0.19613108352758302
0.3882458322252064	0.2693926046322328
0.42580760567030695	0.29086523755545585
0.481157091106429	0.31656697515478727
0.8613889623092469	0.265519969066706
0.6413866777881511	0.2814481058966119
0.8369899471271258	0.27208980472694455
0.8633328654870981	0.2453213563977428
0.775626340424523	0.2834527922999015
0.37027174415185965	0.25796271258020737
1.003092239053012	0.1646516672225235
0.6960655375483955	0.3141704420032039
1.1211782721998678	0.14191191491361538
0.7452336949859568	0.28627234118867795
0.5811525236609977	0.2985076738065449
0.3255635370408864	0.22660721845925744
0.9153057830061144	0.22768347239435976
0.44555555729595026	0.3008360406978757
0.5992438719008785	0.3028013180722025
0.6870124064668973	0.3139127544861844
0.684531744138385	0.3138137067272112
0.39447707682366534	0.27318245575446976
1.0944496474173933	0.14203414904313116
0.5566818938868873	0.29156235636959194
0.39868827806596707	0.2756926526042734
1.0361516844650265	0.15429520892619275
0.47075043512273507	0.31226234768743366
0.6120252656077451	0.30541231371008626
1.0521395706522154	0.1508459375423908
0.5933544557866326	0.30148101141457595
0.7524972491114812	0.31214633793062474
1.0161105468791176	0.17150235292491228
0.9137134801695227	0.24781207536367167
0.9992207120010523	0.17785544794202068
0.6599933650962025	0.31217013333973015
0.9506460249560668	0.21338675188645584
0.7875772240469526	0.28183042070448183
0.3204586654918625	0.22280952352839836
0.5623682206887922	0.3422322346208412
0.4846208176709041	0.2631745448077986
0.5310909755420467	0.3339681966676993
0.5163895017407769	0.24408164041792832
0.8356848821486844	0.2724090034552125
0.9416098084296323	0.21717169849616594
0.4024019553843958	0.2778719792382133
0.33379442824625305	0.23265277396492537
0.49176165170815483	0.26653296589338205
0.45217653737000374	0.2463755342103375
0.9279938147000035	0.24223754573277048
0.370007948680134	0.25778955498788686
0.6490411146015882	0.31104410388721854
0.9580666593514557	0.21023338297006297
0.6409163129306785	0.24158378928258112
0.3774590362592309	0.2626209115861321
0.2969906273892861	0.20503430375930845
0.6855315417217367	0.3138551011783199
0.9507322665908877	0.21335030949786585
0.6624503116904741	0.24514142507935144
0.6548329659458991	0.3116699664360451
0.49419387308496604	0.26764901103550054
0.7954869384947875	0.28059830213974246
0.40972640885306194	0.28207576565768167
1.0265487217128455	0.16797387731926833
0.6451940198884094	0.31059054808540576
1.0312555373917374	0.1555928403651562
0.8331976574537661	0.27300816445313675
0.8828465744118346	0.22325799948313263
0.3580917407685691	0.24981007478365047
0.6568821882228465	0.31187505477874616
0.8235497663538884	0.2752178410705111
0.5665510016126277	0.2945227857326846
0.3428629483299631	0.2391856708303947
0.36082834283994963	0.2516694764591044
0.570278372228087	0.2955846067251108
0.9476570377334952	0.21464631335539638
0.6413449804975214	0.31010642653756504
0.6137766179253348	0.30574313848839524
0.5032261595327207	0.3249122752154208
0.9535658172316059	0.21215007746860845
0.36371271804098515	0.2536121108384772
0.9948688322678987	0.16766942988802533
0.40590651419398327	0.27989903700726476
0.39942820521293615	0.27612943765900927
0.6589943984145729	0.3120775256075424
0.9725278556457777	0.18875921123120318
0.36282214334442964	0.2530142027664163
0.8107192043396348	0.2778722670954524
0.7361391975184155	0.286749057072695
0.5740044524847162	0.29661542604041075
0.3120465998822737	0.21648542876457402
0.3175867051319665	0.2206588453943704
0.9464583469840646	0.21514944657406035
0.5168212020869709	0.27735812366057516
0.4175041043420541	0.2864022745825601
1.0086467548255924	0.17422930140611612
0.6494504123715381	0.2826426733420293
0.5663327763447069	0.29445966705777193
0.3640990778942863	0.253870972784038
0.28811360314747114	0.19826346442597056
0.830540452069472	0.27363494229457624
0.2905173344034353	0.20009493760383062
0.5885181791631764	0.3003410529659245
0.6485181582377617	0.3109842264948552
0.6618763908924081	0.3123392018142677
0.7947818307352323	0.28071324413709897
0.8390871902459501	0.2518493051278573
0.6677228987995942	0.31281847188826933
0.8107192043396348	0.2778722670954524
0.8150200146089485	0.2770188343213111
0.4168294081632065	0.28603256544412653
0.4089201351220499	0.28161916144450794
0.6053985034377861	0.30410188794038895
0.36417646196971487	0.2539227816673566
0.9007334327131901	0.23309205056873367
1.0022287480567644	0.16496256687281735
0.8931214529952112	0.255331449467693
0.36924611212994973	0.19312686687568448
0.6272276610576962	0.3080694836690692
0.9449375486555722	0.215786027090958
0.39973844848872725	0.2763121967850548
0.7660777943093892	0.3107368425116501
0.6753853995538485	0.31334238227259187
0.36761866097959023	0.2562142307599472
1.0095094679155332	0.17390682780858427
0.895327501571901	0.2545580714697765
0.34270954254542396	0.23907636986062614
0.9710615613431937	0.18937089754895936
0.33061825817810114	0.2303320995924866
1.0503228719515227	0.1511694129436792
0.4460330569264398	0.2429121154479623
1.0203664073447927	0.1364660148414779
0.7086742590090503	0.23471937162888595
0.3594057409844049	0.25070484509105784
1.1068178320827828	0.12819324103526755
0.615033294528376	0.3059765398239751
0.5459492797257688	0.25622526821385866
0.6380301077772912	0.30966509927468244
0.5102142464244217	0.27464828875633923
0.3762538189800894	0.2618478671990527
0.9201086557132486	0.22583089133010975
0.9773999255764313	0.18673072458778128
0.3966975721237314	0.2745111863735572
0.9217508292743657	0.22519002073140496
0.33175396787637323	0.23116373925944803
0.8338929253191345	0.27284189108212004
0.3941225751484059	0.2729692627545002
0.40528124756220973	0.27953948383772487
0.3917240191558193	0.27151913449385584
0.8815967633253085	0.22366149132372642
0.36893417298744585	0.2570831364103075
0.8060183912157491	0.2787629881462001
0.9377711680187117	0.2382807689612376
1.0445352485434136	0.15232315746142883
0.8683993905701541	0.26342481713604277
0.6527880975144851	0.31145680365128375
0.8750373954607202	0.2613579872972359
0.8259351995814029	0.274688493132843
0.9220550148286764	0.22507090381744455
0.4788192162171995	0.3156207710964111
0.5776073918793472	0.2975831737683709
0.37149292664782546	0.25876230216896373
0.8702077904962072	0.26286968341334216
0.7231993244262314	0.2871339346931832
0.3915815794559581	0.27143259800191094
0.8264571749236899	0.2745711705257005
0.3965646880575436	0.2744319921557724
0.27600214947589763	0.18909926538029848
1.0018023162743002	0.1768452437302856
0.3988226050370962	0.2757720417818833
0.9377908741374152	0.2187486320063512
0.8104208071092749	0.2779301160335887
0.3223836568724955	0.22424554421977336
1.1036387172918563	0.13704773631996536
0.8580404416866381	0.2664884864743384
0.9582879919361359	0.21013884656489684
0.6690657679358597	0.31291881950426975
0.5606995131910366	0.2927937208878614
1.1169472152492639	0.12997287863371093
0.9719962590893184	0.18898093048674816
0.5407004947842086	0.2863043752543737
0.5474858465595144	0.3385461242728809
0.907454492836943	0.2306386165016938
1.024003745453134	0.16879868100501325
0.5868110673646387	0.299926611395808
0.9966463001847882	0.16700699477562175
1.0565977414058114	0.15013684455835788
0.7278727789904583	0.28703478167099267
0.5575346389673509	0.29182673366352885
1.0994846889711316	0.1429422665996302
1.0598389516769775	0.14182973060986154
0.424834604965464	0.29035058902761796
0.9594185039028653	0.19422836798731555
0.5383350081919956	0.336058464374301
0.9329427151755458	0.2050428701179227
0.7065629149727755	0.2871195520452817
0.6619745577229493	0.31234781899774255
0.47353835265176886	0.3134390639341532
0.4318719655734455	0.2940232054699765
0.6499327810784453	0.31114491007045164
0.9414769109494824	0.21722682025049758
1.1084154461825473	0.1326919515557263
1.0794217906711288	0.14083079735476492
1.1031645521882159	0.13696061722104422
0.8109787632267939	0.25795263109357114
0.42026809592823566	0.287905735361286
0.6517381779969132	0.31134404992469106
0.6527491905313472	0.3114526653814794
0.5345814338214879	0.33498878703449103
0.6727315418581074	0.2853041630019892
0.3824139094116465	0.26576447383852597
1.0170787718568093	0.1598581633807343
0.8321779247514477	0.27325032803780586
0.36280021678354424	0.25299946042015575
0.9408449469145015	0.2174887033779602
0.48943190719164315	0.2654506800167897
0.5038579716092396	0.2719441276205586
0.8990516023712593	0.2336945311456042
0.6058355164010997	0.30419117128895584
0.562258283144173	0.29326176584171804
0.4185495195218646	0.2869730225749282
0.506631922737446	0.27313600581183567
0.41196315461843447	0.28333450212281397
1.0401536219855825	0.1533122406267889
0.7427047869704966	0.31294225667880693
0.554786417063342	0.2909688603859162
0.3581981543995927	0.24988267166488137
0.34464890788955427	0.24045495651184248
0.8948054029300117	0.2351947047592891
0.4967445002783295	0.26880421508901214
0.6310634751948614	0.3086637336167889
0.9015841602168335	0.23278552725872015
0.954345099363989	0.21181906195225184
0.753228072273024	0.3120795156601135
1.047077011642257	0.15179410937621463
0.4486084388371854	0.3022972633106162
0.6640184718928118	0.3125228102419156
0.6248948368442596	0.30769312293362333
0.853259521171195	0.26783479428328977
0.7142667352880612	0.31419811783732393
0.9955641128958214	0.19425037333403558
0.36787865827103	0.2563862615899453
0.6046345379679344	0.30394483277401835
0.40759719943973316	0.2808666684892415
0.9378239378025347	0.23825915218986116
0.753369889724788	0.28570218009571774
0.99642523425299	0.17896175628824762
1.0251921424609718	0.16841043461461
0.745319178748639	0.28626705519628154
0.5664670552010801	0.2944985178696944
0.8233697841098093	0.2752573263401161
0.9941050861310953	0.16795561950583973
0.555265165251789	0.34052811490750357
0.43410129281533855	0.2951626441452618
0.8379873984850421	0.2718436136123101
0.6418827729816136	0.31017589574978693
0.41650745285197815	0.28585577044643246
0.5646245469773387	0.2939619365037818
0.4641542753530333	0.30940923227565864
0.41227846106003524	0.283511000376273
0.3750097384867895	0.2610464661162125
0.36597784022955093	0.2551251555838908
1.075526611082401	0.14873940118530368
0.4372758005892193	0.29676531714279686
0.7463630627686475	0.3126665964944185
0.6840121048392791	0.31379140535625527
0.4111769103356555	0.28289337486006094
0.6078062022917807	0.30458875687883746
0.9519480597037473	0.2128359977849998
0.5369126870057971	0.28497307840819613
0.8496309674067822	0.2688277095276951
0.6380874737105673	0.3096729290308764
0.5275918440911079	0.281556710294274
0.9315903023312272	0.22127560376288846
0.6642742327103318	0.3125441131968541
0.947188964382631	0.21484292188334125
1.046052102671845	0.14385737121533235
0.865166994136265	0.2644021411375063
0.3747855803936324	0.26090170041269267
1.0664844566982639	0.13515026530619326
0.3708466600212026	0.2583395595310442
0.3555492259425939	0.2480685476710916
0.5330517825621136	0.25118672205011805
0.6274538338428921	0.30810537054535847
0.8327769710903435	0.2731083138822601
0.6865424582121199	0.28633652001808574
0.40781974511644153	0.21946151826130172
0.3991319031031054	0.27595468139690005
0.6334735726185783	0.3090215038667989
0.6322580524112368	0.3088425673858625
0.4699045543336558	0.31190190122614453
0.4167854775438588	0.2860084561463361
1.027361353515687	0.15669367031899983
0.7272584370262197	0.2870503913785047
0.86287903647875	0.24545400320658725
0.9042728772728882	0.23180904054787188
0.4122210982046233	0.283478907834614
0.6620334621843501	0.31235298033416753
0.6555936026256255	0.3117470874094074
0.6899179938013962	0.31401319488143015
0.5686551815643254	0.29512598142933816
0.5497833329764931	0.289363527874395
0.37081210906532874	0.25831693265092526
0.6193025616756581	0.3067446804561396
0.6502625331412442	0.31118177875900105
0.7157261795860317	0.3141721110238104
0.4263414352368037	0.2911466587644536
0.5720098111460871	0.2960674104850122
0.8068170848886648	0.27861475522578877
0.4441734694393132	0.300167500772451
1.038514113569127	0.14534807618846513
0.743558485082709	0.31288024471805553
0.9864204099979297	0.18300617537728597
0.4614384789207648	0.16976737691417365
0.529904399461605	0.2824230273292695
0.3242469191965909	0.22563101322720552
0.6114916477084151	0.3053102295091678
0.5133118404045791	0.2759315417129719
0.9838542128607406	0.19917087614792925
0.5987041199288304	0.3026834069256656
0.6523991004652564	0.3114152900340073
0.7188896587758005	0.2871853319296878
0.714287001385741	0.3141977853070271
0.637533111854071	0.3095969814995985
0.6003791096260217	0.3030472844294236
0.6386422263789149	0.3097482963337381
0.3007181771727569	0.20787829544931
0.37475021386352947	0.26087884972332065
0.4120491014106868	0.283382635396267
0.35225827722333963	0.2457947089417644
0.9437842205970284	0.21626743088279018
0.9758102999721404	0.1873917093829092
0.6747698683178446	0.3133046514901583
0.6151072961313698	0.3059901804734532
0.6354911193289112	0.3093117628432265
0.9607239888188562	0.19368472790833144
1.0147760517713738	0.16061238162327185
0.9133246698842006	0.22843790101780453
0.3632393237119149	0.2532944982901975
0.3983930793742349	0.27551803808614594
0.3696073238452248	0.2575262877994772
0.8207806693205135	0.2758182720209511
0.3833771084939246	0.2663690732944286
1.0525761209773294	0.1507711065142222
0.636654585414189	0.30947532607527367
0.8910082336986814	0.25606468875326094
0.5948697029204365	0.3018278110221026
0.511423513689264	0.2751519457319641
1.0872495899120522	0.1412027747837308
0.4307182556160377	0.2934290028218169
1.0269100549993189	0.1568249502066994
0.3981920601088972	0.2753990158482955
1.0687297491691587	0.1410708946430217
0.5544931348780998	0.29087630983105706
0.38592078754583314	0.26795552267921735
0.9732844482296452	0.18844375240862515
0.9024946205646819	0.23245617551863643
0.4071627383456404	0.28061865139982706
0.698139238928807	0.3142065918409201
0.3940569982547556	0.27292979360270053
0.5972674361585194	0.3023665206664229
0.40624076454197994	0.2800908691565178
0.5469638138009814	0.28843393862578953
0.37861239377325495	0.2633576210915664
0.6506506300849645	0.31122488665895937
0.9401006295108107	0.21779663898293236
1.0015641149548578	0.17693796095223582
0.8600828598711823	0.2659002370398754
0.4185938000431631	0.28699714129000414
0.5519932360561683	0.2900795696798305
0.42564008197436864	0.29077678655262196
0.24922630952936217	0.16974541216086528
0.6268508686198063	0.30800946170401783
0.7205744845289507	0.31405575300344635
0.4287047763234977	0.29238458282741886
0.4073027882993137	0.2806986487552603
0.5261345085796921	0.28100440814029937
0.7290163611824989	0.2870036499148174
0.8571965858101391	0.2667292464591221
0.5946912078629767	0.3017872145318952
0.6144970465198258	0.3058773495110667
0.3058270320323884	0.2117691162180774
0.33944202320986605	0.2367381397015187
1.1002476217472597	0.1431060453912578
1.0565914194685995	0.15013776122932124
0.6371510220059512	0.3095442665080842
0.6281516579533775	0.3082154242137927
0.8073658642634356	0.27851216760935277
0.5831832290730244	0.2685517833882557
0.5899836182934187	0.30069179789379785
0.8007636021687405	0.2797064853242494
0.4018418683798578	0.27754536102636385
0.9644874987705332	0.20748269639209738
1.011136143008637	0.16183457609487853
1.035887887379602	0.15436253049043705
0.5516051433981324	0.28995461926415483
0.9336919131327864	0.22042399494368925
0.92763789059833	0.2228628189638725
0.4013513630823971	0.2772587179347764
0.42879733361968614	0.29243280019205176
0.6911273344320228	0.28659011288738734
1.0587790445568808	0.1498363219879232
0.6383361077237184	0.30970678620347014
0.6938934940109506	0.31412344654928714
0.505443560766795	0.272627635915027
0.620756872566924	0.3069976188836466
0.6219151665786812	0.3071959075826756
0.713719594093579	0.3142067908707457
0.7992916089737727	0.279960880330524
0.39716337845453775	0.27478846579923505
1.0513775186024914	0.13659752632378797
0.6429594131904746	0.31031318596152846
0.3600615457230497	0.25115006061527034
0.34288213581226956	0.23919933878726338
0.5606664141273959	0.29278372364677185
0.2618517230257893	0.17865775307125328
0.8482533182009098	0.2691981217073225
0.3875477701196189	0.2689624490394348
0.4198372192739899	0.28767253630574247
0.6045254841077681	0.303922312467229
0.5386843997232886	0.2855998671882074
0.8300372098163905	0.2737520921403551
0.759516563828417	0.3114620487516597
0.7134764474365185	0.3142104565799798
0.49971398067107203	0.32365449963093723
0.7168211282141806	0.3141498574514757
0.5376679199145634	0.33587046321800706
0.3479309916756694	0.24277187928623728
0.5302648244915845	0.33372297008475293
0.7396758545710944	0.3131508868614316
0.9765040231833677	0.20231575976976723
0.3474546888518736	0.24243692005906
0.8924620596595843	0.2555610458538796
0.8491878893882328	0.26894723627022527
0.3677768710123095	0.256318930247409
0.55152434183801	0.28992856166930997
0.8498998380814237	0.2687549952325556
1.0256397988358446	0.16826558168645986
0.3880424881879213	0.2692674171973304
0.9126660537194098	0.2286874195062135
0.3496607202572116	0.24398460431327387
0.6376477752551154	0.30961274232307895
0.838806907642026	0.27163989832321084
0.3556748282033783	0.24815489379249034
0.7236766365860076	0.2871258777733624
1.0360807554850588	0.14588118308124268
0.365397422462532	0.2547385083105929
0.42609724782283553	0.2910180117989013
0.8603898378850309	0.24617456389119563
0.34371932753569034	0.2397950403848551
0.45417738392513785	0.24748430397425328
0.390780736977496	0.27094518662474903
0.9269230095435056	0.22314782622200618
0.9658802354438507	0.20688432028729575
0.7967892122297674	0.3062523479825552
0.584287835324633	0.29930247666109067
0.9352740905609502	0.21977951727443765
0.6625833944994526	0.3124008280511617
0.5348806216205393	0.335075105013872
1.0645779969245546	0.1413669380011641
0.856570780882613	0.26690692985369485
0.6714194606293252	0.3130859481038707
0.4734110868650735	0.3133857240984091
0.49209584055878336	0.32083524074174063
0.8482533182009098	0.2691981217073225
0.41361646640189126	0.28425738392018784
0.4006720845062521	0.27686083105938336
0.7594152119819756	0.3114726033281151
0.9718479453734643	0.18904279896040208
0.8137481661502244	0.277275038774791
0.8270929096464975	0.27442755591297735
0.7268318623264719	0.28706077175373124
0.6421710211354335	0.3102128856267058
1.1451371743530305	0.14577019195432517
1.1209836934498578	0.14183784205029545
0.7250821910894222	0.31390631933017676
0.6329985235672134	0.30895193592069486
1.0308176097322295	0.16664929297626632
0.4014874947828249	0.27733832736077546
1.0069150208155193	0.17488179631705242
0.36367964490523097	0.2535899368497792
0.8208463059862346	0.27580421483677664
0.9747165622848716	0.17545691674167707
1.0261466265036516	0.16810252228349826
0.5780210098140025	0.2976924518674862
0.38405939863270616	0.26679606205587547
0.3614684043910338	0.2521020902797031
1.033094879507589	0.15509364024333588
1.020623007854287	0.16993124264865486
0.793236088374627	0.28096172750296894
0.9027035002864932	0.23238042529748223
0.6082999234796203	0.30468707574404996
0.8907257677767102	0.19564358607891258
0.5689252811229398	0.29520270044629027
1.0378220216754976	0.15387608269437006
0.35307942531423425	0.24636412409320105
0.37222296963498397	0.2592387309596484
0.9672852565812218	0.1909473366021314
0.949457946340684	0.21388822975032806
1.0088879021618369	0.17413898596810518
0.6163295903608178	0.30621381933094843
0.9975593014764552	0.15698889332158986
0.9087153527107	0.23017038224111314
0.9780349107589311	0.20165875097224767
0.7536774368775884	0.2856779727523823
1.0585324229992015	0.14986870200554636
0.7727043338494683	0.2838055113400687
0.7484648084494955	0.2860621307302648
1.051012008452936	0.16168172673848225
1.1249488759463289	0.12783413336173738
0.36102333969980294	0.2518013657315958
0.6099303252656226	0.30500808664508106
1.087821990132775	0.1351281850160546
0.6864919462302387	0.3138929894719967
0.43165327368511275	0.2939108084537877
0.3813211674606434	0.26507599499850576
0.38950899063951544	0.27016812197456425
0.5588831753214857	0.2922414990632594
0.6311771605765233	0.30868088013555045
0.8147063292097367	0.27708232204322625
0.585511283804494	0.2461551348135524
0.8734842288100582	0.24225265805622193
0.8201568919123632	0.27595143982287795
1.1181645142583043	0.1408209881696322
1.0376936221534379	0.16469206266137962
1.0049938846048376	0.17561335998388744
0.3598677425066483	0.25101858493858176
1.1673049860696363	0.1622401157424635
0.3465559821619801	0.24180371763858322
0.8483100728207214	0.21965261489719803
0.8577820081351832	0.24691672591942362
1.0130322362562318	0.1726091383809265
0.5366802631669441	0.28489031875697757
0.8432497326256893	0.2508105287363078
0.7023936024672935	0.3142541394639499
0.6652096315178992	0.28457136993025095
1.0528797671713777	0.15071973091140253
0.899457390982989	0.21764042276136694
0.44242096550760407	0.24083452842991165
0.7948993731996651	0.28069415246677404
0.6734603630316517	0.3132218536736643
0.6437485532710322	0.3104123042938479
0.6603657773645197	0.3122041399861183
0.6295711243527196	0.27944124630410866
0.5528439432592585	0.3399242493991508
0.3292491881999442	0.22932694166575152
1.0542837722293357	0.15048946924550174
0.7098111449427557	0.3142516487944423
0.47761690493383313	0.25976171936395986
0.9421465580395827	0.18839229206985575
0.661424940838668	0.312299322111107
1.0164764689490267	0.17137259821883732
0.9025929299462728	0.23242053242392258
0.6252141937738813	0.30774531510517383
0.9928305258849074	0.16843520682251886
0.40497625027949563	0.2793637664822642
0.6503004830470965	0.2827603781789529
0.6493123977124223	0.31107494522492396
0.5866178540032938	0.2998793069769211
0.3317009263461673	0.23112494366762654
0.996884752178085	0.17877907380565877
0.7132535779211236	0.3142137146648264
0.9816872256530402	0.17271753290179262
0.8389346005422705	0.25188673036947284
0.40664537066561274	0.28032273006339103
0.9775541550192125	0.18666664868505053
0.3981652730021968	0.27538314825859955
0.9301175094824415	0.22186928549753074
0.8434338819302061	0.2704653461168635
0.38848759294933255	0.2695413189168235
1.0217222040244376	0.1494876956233483
0.6045436582894527	0.3039260673048977
0.32143375430289867	0.22353750354850974
0.42564008197436864	0.29077678655262196
0.8345714403609774	0.272678715892135
0.3768136186756575	0.262207338377126
0.971358974589652	0.17678705562323818
0.9523130088986665	0.2126814139983219
1.0116302692368075	0.17312179165042307
0.30938884086885937	0.21447347014037657
1.1143838624124223	0.13391625386759937
0.3521764104543892	0.24573786518743285
1.09978941231987	0.1363976793511276
0.9716035079466879	0.18914477347903835
0.6588769371227984	0.31206650366174
1.0706224489992855	0.14097174540851773
0.9698909138454008	0.20515941999177958
1.0528650972444413	0.14273524337433208
0.5265244647282573	0.28115267668446153
1.0331965963794414	0.165945991880131
0.6749683948613593	0.31331690374423915
0.5222319420495327	0.33126505185381755
0.3644974518917274	0.2541375476655725
0.4372438544350955	0.29674930495580887
0.48257532766891265	0.3171351207983986
0.9413328807741896	0.21728654010933007
0.4050871061088142	0.27942765875212205
0.8005629754707954	0.27974141365543526
0.9901937098400607	0.1694348211538119
0.6609540689493161	0.31225728737599656
0.6587790630866324	0.31205729831983764
0.3380080005886601	0.23570596020288848
0.3875097696279152	0.2689390003643083
0.9679838174443871	0.20597984461116617
1.0521413969484723	0.13649919727502527
0.7227669823114873	0.31398802952251664
0.8736413010316484	0.2422036625756723
0.5471312683007974	0.25666702753643805
0.8461800272806125	0.25005869169178385
0.8750527782981333	0.2417613352945198
0.9792327430780496	0.2011452729042217
0.37011112310055827	0.2578572978478237
0.5194777405107918	0.2784188295210699
0.348778295690948	0.2433666587519654
0.6183906204368129	0.3065838129655419
0.8308155693152397	0.2538109838280024
0.5483387905178841	0.28888951283127673
0.8572904032972225	0.26670254556968054
0.5304054100085406	0.28260908315895905
0.9948887959444533	0.17957479660168837
0.5493814961166239	0.28923214198040725
1.034318362644648	0.14628228506245336
0.3239053307429103	0.22537735979294676
0.5223951804521734	0.2795647080560466
0.7380876212284843	0.28666122313493037
1.1188975030577908	0.1350344929929232
1.0223198860883875	0.15820134029568578
0.47846813161259705	0.3154776378065206
0.3828207863932514	0.26602012899716254
0.6961150242984042	0.2868157781141993
1.1713264640423209	0.14022970166238535
0.6189115718182893	0.3066759228167971
0.8726325846528977	0.2425175153356751
0.5055133195272042	0.2726575704072225
0.6081535921349068	0.30465798937367317
0.2966893165603341	0.14570272849281765
0.4559312485113347	0.30571555462888494
0.6010469427897044	0.30319069529960585
0.7018689338220936	0.314250208347855
0.8883392728662957	0.2374202277002969
0.37219974483329415	0.25922359260351563
0.76104100488881	0.2647887365479625
0.543161046278111	0.33739157825186467
0.7145355448196979	0.28719816682968374
0.6713996625604984	0.31308458875602857
1.0651379915063546	0.1491510063060088
0.5341189343895197	0.28397008717990296
0.8028515565504586	0.2793382005444327
0.3642096380248629	0.2539449891911967
0.9253731545024658	0.2237634689755197
0.8493145125557143	0.26891311604746837
1.0169582634229721	0.15989725215450967
0.6148668231255564	0.30594581219832195
1.000290839072958	0.17743529265099797
0.6785071727265712	0.31352205341294
0.6932102139736055	0.3141067292152432
0.9751460748762838	0.2028991213415749
0.6879536617976945	0.3139471305057264
0.4147740824077813	0.28489976067386363
0.41865285438078875	0.2870292998773486
1.0345672020226016	0.15470410668576226
0.8648518316765331	0.24487453769408854
0.317121091213201	0.22030929226762214
0.9970699884700113	0.17870552208925677
0.8002954239917274	0.27978786796866756
0.3561782764188167	0.24850066716683092
1.0452848451374883	0.14399753292996603
0.6091603594803229	0.304857188320254
1.0446120887866552	0.13757780604824674
0.6062364054631021	0.3042727179144037
1.0312425622240429	0.15559641035687266
0.5650805907744415	0.34285656518819474
0.9429139039344028	0.21662990108291422
1.0433414080388235	0.1443645398182027
0.8763283424944659	0.18994480261783148
0.9178330411083074	0.22671275198597557
0.6478213617882208	0.31090357662591506
0.5783487256462915	0.29777876894171285
0.6842119452568083	0.3138000456163602
0.312333864853783	0.21670254273192507
0.6553399906347472	0.3117215043535603
1.0171844754963302	0.17112267988316435
0.4434033282274523	0.29979306811308765
0.30351002968314644	0.2100059248927933
1.0583364002897788	0.14989473273638082
0.9954030947682199	0.16746977881265676
0.36866113273635465	0.25690310340476274
0.9457042696323334	0.21546534069617432
0.9905801673686405	0.18131058195370628
0.547858551476713	0.2887308806816642
0.32687687117933045	0.2275785972008369
0.3158673225535802	0.21936689252997557
1.0226482012957319	0.13089317723633853
0.9550715090764159	0.2310844001104818
0.38474427192567967	0.26722359469651624
1.1158465044380925	0.1400607834408599
0.3189383197734755	0.22167219012005196
0.9684533845016204	0.1779419156582806
0.4226000658478822	0.28916032255253615
1.011001493874818	0.15262677599843874
0.8203845532766981	0.25608849436451
0.923724063484752	0.20865893107384828
0.6263425213261956	0.3079280153888065
0.46091016199107193	0.30797023244770355
0.35250414773766514	0.24596534701665737
0.7003359729842557	0.31423560842250664
0.7825927462895985	0.2825421495837937
0.6355673582236746	0.30932256625118726
0.39513528605209797	0.27357752009326947
1.071999344396906	0.14876975353231744
0.39399144370971656	0.2728903279163612
0.488595000424826	0.26505872244523837
0.544235271838054	0.2555787233327038
0.8203046660554072	0.27591996154515336
0.8430188065159049	0.2705723993166001
0.6174614016025248	0.3064181042384017
0.40460255255554617	0.2791481723464833
1.0175873978774157	0.1709811328847068
0.9562697763529157	0.18279919998888775
0.7748112600562781	0.283552921590905
0.8250209955716717	0.27489268554621815
1.0890176766286397	0.1352085278196685
0.7973654750547233	0.2802872058901673
0.34997284483524516	0.24420281390676338
0.8131695324159768	0.2773905378011534
0.8258536128072356	0.2747067827401006
0.4598483522620952	0.307494094958307
0.3562097972243803	0.24852229862150013
0.4006720845062521	0.27686083105938336
1.0167707332606273	0.15995816562585785
0.6628584668570608	0.3124245317372104
0.9292928563069538	0.22220055278932532
0.6315183228759461	0.30873217492653476
0.9423619256887639	0.2168594227345298
0.43037261982841735	0.23368781652759768
0.4637842166639392	0.3092462799891765
0.9928314844246264	0.18040071945271316
1.0591142216702323	0.14979297963085078
0.6087391373484959	0.304774106326047
1.0799555316837954	0.148882691314231
0.9013954914256794	0.25238984850235996
0.9517761806719637	0.2129087699987546
0.7103778763920876	0.3142470048410041
0.36893417298744585	0.2570831364103075
0.45555448045594227	0.3055426538879165
0.6327516177146705	0.30891559371684196
1.0602464969190637	0.1496522944176765
0.9612572934519333	0.19346251193816938
0.3813456500401894	0.26509144999899437
0.428104030895384	0.29207114258291667
0.431045100306939	0.293597653382486
0.9658802354438507	0.20688432028729575
0.709697469262561	0.28716624222169335
0.8592621147194827	0.2464971065726451
0.8222563747960692	0.2755001722699788
1.0209293154444903	0.1845434370078198
0.8628162546997686	0.2651007818873062
0.7280434447408779	0.28703030697315757
1.091011192391569	0.1415732749614397
0.38916364327892294	0.2699564616318437
0.8641937978904932	0.2646926169610368
0.3405415641268007	0.23752711102213575
1.0414252049953696	0.1530155056634848
0.5613620746139055	0.29299332698395597
1.010160957855429	0.17366448837242673
0.40703677377583825	0.28054666049923377
0.314395187682141	0.21825830286539205
0.30439018342684493	0.21067601889581822
0.5831183598468472	0.29900851423175756
0.35867792462580567	0.250209684036397
0.5556512871168827	0.29124066127830084
0.3753406127481831	0.26125994523715695
0.935691055293773	0.21960920500136932
0.9592243714896826	0.20973863935933557
0.7358486759039674	0.2867614848046909
0.41220675988107214	0.2834708848336133
0.42320186243855035	0.2894820257553328
0.8398661323142208	0.27137466669061844
0.9543557617713082	0.2118145302651283
0.9300145309118711	0.22191069798000648
0.6599737681685571	0.31216833607663874
0.6190046431876436	0.306692318958183
1.0300019636055662	0.155940825234411
0.8065176396556168	0.27867047962182256
0.7900723591127654	0.2814553344500415
0.9581713712359736	0.1947472182763812
0.8852390275112472	0.2580279763184755
0.9293960410543403	0.2221591486630338
0.29430447260414216	0.20298407151470774
0.5272005482885368	0.28140890029396626
0.7459004640559901	0.2862307135873532
0.7366466496332948	0.31334174479943677
0.4382040106215893	0.2972295294087318
0.5393050169406022	0.3363302170640154
0.9095497081369466	0.22985918007246373
0.8611093173492519	0.2656016546898657
0.6877533494231243	0.31393996246379263
1.0197169445194463	0.1702414816077899
0.9070900507702782	0.23077349402363398
0.35805983098085353	0.2497883008729551
0.9152819741847544	0.22769257332688136
1.014124549120596	0.18695114096539775
0.36893417298744585	0.2570831364103075
0.9906869528340391	0.18126729156291285
0.36861567001100126	0.2568731110045405
0.38922754834695944	0.26999564926061687
0.8490153265193934	0.2493151300192772
1.0084365902715977	0.17430812370874305
0.8029350014361741	0.2793233009116898
0.5529724049224826	0.25880107726552026
0.7115126291511833	0.28718392513783414
0.4413711538707288	0.24022501880037905
0.5714828506661896	0.2959211693162006
1.0184195562661826	0.1854088937642766
0.5923941449787712	0.3012586665837838
0.3513093490689587	0.24513500317789969
1.1186724427562171	0.14099655163363278
1.023996261425582	0.16880114280925076
0.2958519140216298	0.20416516522123557
0.37078907907067127	0.2583018492005998
0.9829126621774259	0.18444807508335706
0.709487346185109	0.3142540186169023
0.353130837041679	0.18179170385863824
0.5381627672532349	0.33601000974495165
0.48235973616327454	0.2620856508024029
0.7292067289388642	0.31373483723243384
1.0745143561407906	0.14084223867082546
1.0050567840388263	0.17558928494503154
0.8572122230238801	0.26672479718533987
0.41344335459662274	0.2841610523640106
0.6965887964527848	0.31418036663785637
0.8093259827129318	0.27814084717894677
0.8432423382791361	0.2705147888730698
0.9489934761310913	0.2336331705277395
0.9724332635027427	0.20406561236128365
0.8509584636663037	0.2684673583204398
0.6636054464044375	0.31248812936794834
0.4167122792329195	0.2859682746002349
0.4550415200030481	0.30530673623158233
0.949133193596406	0.21402512013560474
1.0219105471313688	0.18421303263006503
0.4736838625131499	0.3135000062186019
0.9350571825643202	0.23938898028747116
0.6677228987995942	0.31281847188826933
0.9973667184615005	0.1935085344504226
0.9573219237124903	0.19510030829912892
0.384931505006934	0.26734028783541985
0.35992155259800057	0.2510550975260903
0.31363522579710246	0.2176851873149581
0.39524080770847514	0.2736407616454253
0.3991588213965123	0.27597056601674463
0.9157816519930451	0.22750139768705954
1.0107261829716896	0.17345507968366583
0.5719247739542428	0.29604385248919096
0.9569366026468096	0.21071567457478085
0.7804934888509452	0.2828268924306531
0.9653444778589699	0.20711455485242408
0.9680636692164392	0.19062232706530505
0.3271240944811733	0.2277611773304622
0.967092736383559	0.20636306442458385
1.00834314394208	0.17434320369306083
0.9775783834376789	0.20185459620190224
0.38721869200980913	0.2687592769462533
0.35869928231429404	0.25022423029188096
0.4148466379604732	0.2849399183275558
0.6762198081519082	0.3133923172784162
1.0056066659231302	0.17537916466141043
0.8688903689356462	0.263274690159113
1.060616593157858	0.12275433696038858
0.3508016722737154	0.24478132377221487
1.0235694656935235	0.16894187593118562
0.36615685005397164	0.25524425607151385
0.521153997110395	0.27907963764617777
0.724838445438162	0.313915414770192
0.6074407527944254	0.30451564930226555
0.7414211098983343	0.2864928604326953
1.0349604872506553	0.15460160478168067
0.6609736843869221	0.3122590474030406
0.5536471508932197	0.2906082611106749
0.41800411375957275	0.2866755751367336
0.630892980349563	0.30863796864147786
0.5868116343925279	0.2695797165730601
0.4138474972526217	0.28438583646997495
0.932227774353434	0.22101783563911012
0.89886224615041	0.2178496157379526
1.0694462033711871	0.1410306568190893
0.8221908378837052	0.27551439039979814
0.5787457510980646	0.29788302699390795
0.6229631066422597	0.30737288902839544
0.5012095315675058	0.32419330974734695
1.0242918481592767	0.15760105051114953
1.1129621993180812	0.13359938784838107
0.6963337418664904	0.2868244787078599
0.811928520973194	0.2776360093262254
0.5859159089931847	0.29970676919916633
0.530299069135373	0.28256964077879126
0.860129554194431	0.265886697025383
0.7424202098873047	0.31296261456260527
0.47541694986229394	0.31422224691516115
0.36925329245966	0.257293344738046
0.9660487106692116	0.1594707685682339
0.6075503634910454	0.30453760645054556
0.6178886744657195	0.3064945252525144
0.4799822078088038	0.2609274424026465
0.3392642877960715	0.23661040518900822
0.3958222052880947	0.2739887420727978
0.4290858230568988	0.23290518304737393
0.5019649188513133	0.27112027128390837
0.38162744200405707	0.26526923709794675
1.0322476649771113	0.166223374183565
0.47771182475403917	0.31516837639586254
0.6204023188758275	0.30693636183641854
0.7126160388713711	0.2871913247690154
0.3591806098134627	0.2505517985194122
1.028242791558636	0.16743904285614264
0.572997465197198	0.2963398560408263
0.40443668275953587	0.27905237390686294
0.6752463831300167	0.3133339272581688
0.6145673383052886	0.27644878641571696
0.9441031487922784	0.21613442902187144
0.6503595418585698	0.3111925828105213
1.1224508633691546	0.1424091534761321
0.41582120932051136	0.28547812528673533
0.6819952001912527	0.313699743944481
0.6477826669825744	0.3108990688622139
0.7507381847806939	0.28590142040377053
0.39537279063952774	0.27371982559407004
0.9100808536355907	0.22966051241192345
0.6094535614581934	0.30491479800976595
0.4987137608225109	0.32329146961436583
0.7961078103655777	0.2804962655290281
1.0005819211279552	0.155972647139359
0.37756683964099125	0.2626898986209501
0.41563177447094857	0.28537368384260664
0.625045103926232	0.3077177073982645
0.8121768405166131	0.2775871366954429
0.9114892090656215	0.21329319026493365
0.8759915830544316	0.2414651002999812
1.0194069193001802	0.17034825770112078
0.3469799484442094	0.2421026248516051
0.8035022750250205	0.27922164159273755
0.9529346485281719	0.21241789548484996
0.3666501482198065	0.25557210128348723
0.7568887508874416	0.28541366969213167
1.115858962677042	0.14006469324145462
0.6088306816900863	0.30479219449212425
1.0129091979511609	0.17265392144429328
0.3539879201710341	0.24699252370677302
0.5086163393491461	0.3267914392927223
0.3014045113911083	0.20840159565114424
0.9228027259289673	0.2247775714764147
0.4404910103773566	0.29836481077828453
0.37338830741144047	0.25999677780687946
0.644557710591499	0.31051261090008697
0.6293036271972262	0.30839488745042404
0.29508845524707156	0.20358243745060137
0.9760944565858293	0.18727348281741293
1.037770689918653	0.1538887769511513
0.6638695644944904	0.28442813101957615
0.26728744899439716	0.18262251436950094
1.1456455563838437	0.13913461182418996
0.38748444030779466	0.26892336874450085
0.5563544169535317	0.2914603954038271
1.072277874395927	0.14090418439730654
0.9337825140862511	0.22038716662933733
0.9751289789951008	0.18767529495133445
0.5915420540913198	0.30105971642011015
0.616904520182126	0.3063179266976087
0.8716900585876507	0.262410217897768
1.000593681849463	0.17731674551712784
0.4300658946051305	0.2930916454768622
0.584445148816433	0.2993417926897332
0.4041605310377617	0.27889273921084645
0.3929325684117279	0.272251472578338
0.30721688356116655	0.21282535571613245
0.9707642365431717	0.20478366867444095
0.630306026213758	0.30854880800994877
0.7873072497946474	0.2818702533419126
0.8247596207589568	0.2749507629518919
0.4077235027354913	0.28093868731286653
0.41133392835921984	0.2829815864066503
0.3515129083202435	0.24527667133776307
0.814227359756323	0.2771788855665151
0.6369982384967027	0.3095231035092681
0.6436522768091941	0.31040028009348725
0.8927358490909475	0.23591483563619733
1.0349067737231805	0.1654570523266896
0.34210712950445976	0.2386467359845261
0.9390648125998332	0.2182242435654246
0.34830917665395106	0.2430375248658685
0.4320595728179642	0.2941195380685996
1.0717167491087956	0.1349090496106022
0.3524631411521215	0.2459368962197529
0.8339737312406434	0.2728225052198892
0.6460624786156209	0.31069558144718473
0.33868589915513314	0.23619434558478844
0.5614936824653164	0.2617687103722543
1.0039119259409548	0.1643579604520163
0.6788854553076369	0.31354250002015666
0.8164551169283797	0.276725892047644
0.6794431123954356	0.31357212008494245
1.000760924404493	0.17725134738178283
1.0192783038172006	0.17039264622665357
0.4086097641442981	0.28144298845555715
0.8044360269979413	0.2790529066113009
0.5804066369742725	0.2983154398677922
0.6520102655766392	0.31137348571676254
0.37887778119883	0.2635267118160908
0.577853338294751	0.266986623536142
0.6428632276601759	0.3103010174270888
0.3708812181350314	0.25836218845582004
0.35214572201626226	0.24571655337349527
0.356010275404115	0.24838534033514825
0.978609625342799	0.20141231471280047
0.5738506943043893	0.2965734930616985
0.6343865118088109	0.3091538878928377
0.37973700749391415	0.26407306958673665
1.0288780435352425	0.14759638804762856
1.0901004592958907	0.14147120355782714
0.6304195931760856	0.308566115012003
0.9469831165140882	0.1993698506238169
0.8043330422317106	0.30487892308513526
0.5652433777885563	0.2941429944170571
0.38925311649957633	0.27001132542580797
0.4169319468778668	0.28608882153873605
0.37390360968528974	0.26033101370318584
0.3845572316245451	0.267106941408532
0.37439695089942804	0.26065044897844003
0.6969227577812452	0.2868474109977642
0.7326620693405239	0.31356566185379314
0.5078531659845055	0.32652912732603745
0.9579158669791303	0.19485345146479346
0.6584463620548234	0.31202586159880713
0.8723964955329286	0.2425906997448768
0.8775043527275033	0.2605696103410419
0.3314183979978887	0.23091822265554654
0.5177380466353688	0.27772606905515435
0.3486983389110241	0.243310591350657
0.8806659992292497	0.25954339215838174
0.457426147805802	0.30639840141400904
0.9430021380372887	0.21659318531872956
0.39632572435021135	0.27428947476789955
0.5090667678665046	0.27416717806268487
1.071108794558891	0.1487961055753164
0.9346547702175998	0.20436094392751908
1.0625882660012975	0.1354199819507801
0.3713773385474732	0.2586867604547256
0.5892415292117782	0.3005147625473246
1.0349798224939903	0.15459658249586303
0.42081903056909986	0.28820328056964545
0.9577855053627105	0.1821950549383945
0.34168792615099125	0.23834737446860055
0.40274423414002986	0.27807122040287147
0.5503788623708307	0.2895575732035883
1.0045375197248168	0.17578827836036393
0.5028893043535215	0.32479278444666626
0.9595002576084599	0.19419433810832415
0.627962988755746	0.3081857690683468
0.8486019514942578	0.2691047262359466
0.4010250225099073	0.27706769868043923
0.7807814255361193	0.2827883636502991
0.6892362321923318	0.313991135078305
0.4901208308308784	0.32008387900895346
0.591435643518487	0.3010347613439634
0.9178448670001327	0.22670818807077353
0.8668777777778229	0.26388727505076515
1.0472535494659956	0.1436433645394371
0.8664466991765869	0.2640175178071164
0.3983394542225138	0.2754862961858497
0.8066174634105916	0.2786519230791732
0.9480701444680537	0.21447264499106403
0.5079534984543614	0.32656368331493185
0.389010360338488	0.26986242758478096
0.7435581967295671	0.28637292356731137
0.6961862774430327	0.31417278018855604
0.6058355164010997	0.30419117128895584
0.3938866029072018	0.27282719004407574
0.5820735241289254	0.29874336646051064
0.3901759047270405	0.27057608749294887
0.6750875254014947	0.31332421806027333
0.399792453228441	0.2763439871248686
0.7900052701302963	0.3073964623772346
0.8955055875078045	0.23494941716505544
0.6689077032149771	0.31290719644863413
0.45189899451576065	0.30384839874231
0.37440871455420427	0.2606580592209111
0.4417560248773145	0.2989875954252414
0.4607532562561206	0.3079000327430749
0.6185208187402648	0.3066068867575832
0.393585503970922	0.2726457184422802
0.6252893581888779	0.3077575682554976
0.4425356786714641	0.24090097500970606
0.9974321037730766	0.17856188762200262
1.0132013479556687	0.17254765206480624
0.9981911995804957	0.156774914191941
0.7400705439906651	0.28656382288561955
0.5700412697006104	0.2955179772302367
0.8244654822928899	0.2750159597226203
0.9524846115771964	0.21260869593770715
0.6454255228989443	0.3106186975477249
0.8240567959229904	0.27510626382633957
0.33441542049372147	0.23310461118171052
0.6511748228006906	0.3112826237735912
0.4147305606404113	0.28487566657337193
0.5862390575467235	0.3472318190189006
0.6025117979468785	0.30350192840111456
0.6594071848955876	0.28392339509665443
0.8591482327220797	0.26617039442153523
0.3543715461502809	0.24725737257069913
1.0841285655675017	0.13493942659907535
0.34786143331124186	0.24272298978971818
0.7718712613924043	0.2839029018483042
0.9338957327293155	0.220341131258144
1.1229001343638194	0.1361790307171462
0.5961387791997467	0.3021144756131049
0.7809846494395887	0.28276106941708723
0.8171471853651272	0.2765831642898414
1.0194749935781526	0.1703247852786073
0.8590079172138477	0.26621081196809376
0.6319355147691801	0.3087945732869502
0.8411480329145103	0.271050773981754
0.6760409617471573	0.3133817317244231
1.037182437067068	0.16482932420112678
1.0164993277382877	0.17136450578519033
1.0435709113367353	0.14432031442897517
0.9447071949951982	0.21588227300583127
0.6266437193752419	0.307976337606406
0.32363106360295646	0.22517358480457694
0.641306580275689	0.3101014434720618
0.37022583657655017	0.2579325894998276
1.0185087168180198	0.15939765092182348
0.6657115313384511	0.3126613731087522
0.9469710347649902	0.21493439907967565
0.8135663446968667	0.27731140312499275
0.3989570231683735	0.2758514427134839
0.6090870817766586	0.3048427619736401
0.7438990562208098	0.26593127381766696
0.6273218908579296	0.30808444805465957
0.9552480838955473	0.2310101531877179
0.4183282484285669	0.28685243197344057
0.71603144494559	0.28719819306971045
0.3523197068405787	0.24583735344578406
0.5865476136721136	0.2998620900001883
0.6645497341940693	0.31256691262448805
1.0689818780074833	0.14105636183497172
1.0324997077747253	0.1552536637710365
0.6419404145318282	0.3101833063359902
0.41486115196245305	0.2849479499805645
0.39103870254666645	0.27110235263967
0.3264517398009381	0.22726442411091602
0.41235018614526764	0.28355111725771875
0.7315092635974391	0.28692643577007315
0.8716747973512324	0.2624149688380561
0.8271743803747839	0.2744090940485002
0.6434212584184559	0.31037135011670913
0.43032973223865056	0.2932282036320008
0.7446153669679659	0.3128015196002903
0.5339959990016948	0.28392553987850183
0.4068130246999074	0.2804186925507236
0.30145271239608407	0.20843834125767008
0.9753706323901543	0.18757469392172557
0.814838419090664	0.27705561176472676
0.9758275290513476	0.18738454020646236
0.6172942858779211	0.306388110104564
0.8740353199362645	0.2616751084785119
1.0443164396353044	0.1441782793542691
0.631726889199625	0.3087634147397407
0.4242739406112344	0.2900530353920473
0.884502100565929	0.23870644993442014
0.4107919911733884	0.28267688607878133
0.3860338313661627	0.26802568147876116
0.7799683196751014	0.282896733710241
0.3726415648558578	0.2595113733631114
0.40703677377583825	0.28054666049923377
0.8783492980017934	0.26029709030616005
0.9254324306859409	0.16553445143034776
0.8038024887823155	0.27916758101688827
0.5996040070836153	0.30287964487541785
0.989048356832316	0.18193294157366915
0.5997301111026516	0.30290700609585025
0.9234906953443505	0.22450701036143414
1.0240265295429958	0.18351696099765438
0.9269512974117781	0.24265324822061332
0.7907460449916318	0.28135191251181246
0.38262339739701895	0.26589614977092996
0.9947023101506899	0.17964943042585596
0.49549635332528397	0.3221091302943611
0.7595689613522797	0.2482511344513608
0.40492084475812884	0.279331822482568
0.39328487698023645	0.27246432124671327
0.4277043777533155	0.29186215772828855
0.2734368363900519	0.18717964149436508
0.8143595117056481	0.27715228829063104
0.6060723714616028	0.30423939225165625
0.6186324382802691	0.30662663972280907
