mu	sd
0.33342952851955854	0.23209973914034598
0.528021793293229	0.28303159762013974
0.2396026653698166	0.16194622204874545
0.4214226670687194	0.2887877900336828
0.3507423740034152	0.24461211347491754
0.5130094189615045	0.32863702302647274
0.41378779565907864	0.28458685177862597
0.37013429339264353	0.25788967934935136
0.6495615353921562	0.312029280355385
0.9528887290045478	0.21096206479563423
0.6804466175200977	0.314396649741782
0.6690701379501176	0.3137506809068013
0.2927982824346724	0.2010672913821622
1.0395635379151542	0.14334992823641773
0.3839932452640633	0.2668558174738105
0.8110643817174569	0.27795248450401217
0.4684185480215242	0.3116153653262918
1.0726322707563904	0.13959292060328504
0.7967394006478762	0.2806715734671749
0.4079010306288174	0.28125235287557104
0.7619788203428266	0.28553037971373696
0.811891318862666	0.27778285110879597
0.2447799739279268	0.16540943177601306
0.355253263174784	0.247773885476858
0.738510398432021	0.31365807884348723
0.7498606543898201	0.28664042495379405
0.5800307787630888	0.29941412055230154
0.7138600340959165	0.31478965189249913
0.3096673724712651	0.21413194351057205
0.9207566256952603	0.2245237994769778
0.7423001608679564	0.2871790810390424
0.702305521203168	0.3149060621753855
0.8291511949193948	0.27392887409455713
0.8231475624559005	0.2753370612038498
1.091550573079721	0.13460596817410267
0.48787343446786585	0.3195808581049616
1.0433109043426685	0.15072254458339102
0.9083743806782627	0.22940542475354353
0.3763748882202261	0.26198255112158225
0.8156861790265865	0.2769867292569861
1.0565491071636721	0.1345491411116231
0.9823015549412789	0.1706175925456059
0.6305656199104641	0.30959899758561044
1.0498496532142887	0.16004856435850026
0.27749591216369673	0.1892532236221247
0.3870708055071483	0.2687855998296552
0.42067422494589835	0.288382141547504
0.37296243865391465	0.259755669203122
0.6784675123449397	0.31430309579659677
0.36517656410755445	0.2545744758209993
0.720178933577601	0.31461390812150886
0.9559978537982146	0.19409531420192527
0.6073707995909884	0.305604864005123
0.5462859801411718	0.2894898626713178
0.6368039401178814	0.2821222226215107
0.361441943733184	0.2520405643871063
0.3523025300379812	0.245710505907602
0.3932139375097748	0.2725702498363593
0.38714682992836746	0.268832986315369
0.6017357271283802	0.30446147956012587
0.5928864616090038	0.30252762296073504
0.44222009889466707	0.29952720883561373
0.7466553863943772	0.28688325421000244
0.4011095194433508	0.27730197838523946
0.42453238099065443	0.29045889938970304
1.0344033987139043	0.15280881023893184
0.9254302934273595	0.2068432289540361
1.0169812689123017	0.14891805308272005
1.02685108981553	0.154866489113395
0.936482481420291	0.20232677092992069
1.0172156100496108	0.14885060748851509
0.38580835951667364	0.267996702176896
0.9626127768309234	0.20669052133508703
0.36935464598079154	0.2573720429109922
0.3729507495823771	0.25974799478919197
0.9271690246567035	0.22191042599033942
1.1023360314892134	0.12365003629982753
0.32431360881796106	0.22529762004506554
0.5502285278895149	0.2907825337096823
0.41052422067672284	0.28274850812070607
0.8195312777358207	0.27615053879154877
0.677383901416871	0.2868811315070728
1.1062346164719732	0.13187024693295066
0.41081480930865394	0.22243548501190064
0.5464949645822089	0.2895592807386171
0.3087415022371668	0.21341863159461305
0.6323765278071698	0.30986308331640344
0.9912036804943171	0.17913381023663472
0.8052236797735368	0.2791113034060659
0.9477362808797951	0.21320381422140133
0.7254056021563667	0.3144088685526037
1.035366423661375	0.152564530139766
0.8178079218836798	0.2765289858729207
1.073659114450376	0.13958417976180013
0.3867923186394297	0.2686118999321985
0.6459261478526137	0.31162210227282894
1.008215575917947	0.1723627512017346
0.7094970038091759	0.3148647994574225
0.9400536305198193	0.21650688544380384
0.6202819531956641	0.3079687027394682
0.6196067623617724	0.3078538614868377
1.0650375257178346	0.14762173566047723
0.7844477023742898	0.28267231267992016
0.3592474299011994	0.2505371624732777
0.7561293529086225	0.2861040691489017
1.0366935005267182	0.16295904594315713
0.6503605141534924	0.31211511387104146
0.6363372362302395	0.31041678376250276
1.0024753111060325	0.17458309692296822
0.927260114938788	0.22187291395496317
0.4201517841673281	0.2880981900962292
0.59240308402927	0.30241709514028997
0.8257898622555176	0.2550417406626195
0.8263256940972378	0.27460056220286294
0.3767091648029449	0.2621992350171204
0.912630703772145	0.22775317858082317
0.8739163540231101	0.26120838815934405
0.976329106855374	0.20063386860002683
1.018649998021937	0.16855570183422455
0.3898404692506397	0.27050307090173387
0.9344036096698455	0.2188995327616214
0.8308675699099801	0.27351310004971396
0.35013505319468785	0.24418317348945714
0.5746869091891943	0.298012796847291
1.0193945797215431	0.1571212091206498
1.097625348794813	0.14203571371663903
0.5642057097532585	0.2950795709097665
0.35554632484663357	0.2479778048482267
0.36830568960968346	0.25667341029894947
0.624838202824774	0.3087184853704041
0.9623983387658361	0.19135455968742623
0.9293825776181288	0.22099590682275255
0.9468784157222728	0.21357516138355623
0.3384097508242487	0.2357570953111479
0.9108719727136358	0.22843927089093424
0.36384447794124775	0.25367424246778925
1.1193973542325424	0.13512209782193638
0.4808484425948705	0.2626738931441274
0.9086739971204659	0.22929003494270636
0.7975604247441558	0.2805269714309764
1.0676364046344973	0.1397422479382995
0.4167338831797694	0.28622441851691044
0.5110243353453665	0.2763154933894825
0.41761661960279506	0.28671103332769454
0.3092108522645804	0.21378031606023903
0.37216943224135224	0.2592343082917836
0.30718596441248147	0.212218719871677
0.4681854489591905	0.3115147622915458
0.9246776461154249	0.22293226524214166
0.41088409052571234	0.22248094258145676
0.7736428245637333	0.28417605429053294
0.5697298391856832	0.29665615794962
0.7617861009129747	0.31149528064189164
0.5705321980970836	0.29687946436121154
0.5875941916515757	0.301289752502851
1.033060213679377	0.153156628499804
0.41245912852303634	0.2838415095865936
1.1008915839702376	0.1360227043325623
0.6048025978081728	0.3050922251350419
0.697918977910005	0.3148806126063935
0.3495906198571552	0.24379800183688768
0.5810090517413393	0.29966381094031463
0.9440529342232402	0.2147939549308073
0.9992285549044819	0.1640908140647426
0.8506981438156865	0.26828832022859
0.40964145646525757	0.2822468618962122
0.3589150288179787	0.250308520643059
0.683450148411036	0.3145235286564418
0.9388014140003254	0.21704004541079797
0.33611551465483686	0.23407775159247338
0.6325292229529393	0.3098850372138051
1.1013786659058056	0.12695198354868703
0.5972569119315909	0.3035039076674462
0.41362850257383516	0.2844977165834731
1.012053536706162	0.14287325315185154
0.6242528717840125	0.30862461395280194
0.8478460608883004	0.26908709690740973
0.411740452373842	0.28343658876630673
0.3866658735137592	0.2685329718002089
1.070804469795606	0.13962735755558178
0.3631055606314067	0.2531731623491096
0.45670596620588394	0.30640689404511234
0.6520386100110649	0.312291108299714
0.3675233724079788	0.2561507340206963
0.5609695255507282	0.2941240773604194
1.0612780162263478	0.1401709253632998
0.44039677915921766	0.29862656204780735
0.9908317257080945	0.19431797526934622
0.5535215558193162	0.2607475903259816
0.9167337466364873	0.22613452857712668
0.6418032843606091	0.31112724919076373
0.4166017761700918	0.28615143301583007
0.6485880944671041	0.31192292571332125
0.9123935171866691	0.22784598078026785
0.4052268854899799	0.2797101234899096
0.8373580319836426	0.27188808814858517
0.7229149362467407	0.2880172831183653
0.8867398272442738	0.25687141742634234
1.0730631922393483	0.13958831008725336
0.9814908008066004	0.1831964330545326
1.041578428039367	0.15109668951746053
0.9966413625371848	0.17691127992135602
0.7350510054440371	0.31388907707646996
0.5937648469369162	0.30272717075667743
0.4990894852377376	0.271185497938915
0.36278679874013076	0.25295662472214736
0.8831792282913582	0.22257046003638015
1.0522357481995097	0.14906612819727116
0.9623980945890335	0.20678522345764966
0.7179633879690784	0.3146845278470284
0.34317513076744305	0.2392140262232579
0.7234969155964761	0.28800353217762753
0.6907613374968218	0.31475646757177594
0.4566542626253283	0.30638320427329757
0.6179217779172691	0.30756305749058505
1.0204442442451138	0.16793675026469965
0.7270931008337609	0.2879028580871477
0.5583061879090511	0.29331996247017345
0.6748162753187337	0.31410971921031255
0.38780702904899417	0.2692439145570352
0.4013550287624711	0.27744671209198274
0.32311870672412835	0.22439662303600025
0.807605394878294	0.3041796687256543
0.9021588547976677	0.21584768160437343
0.4114823181104996	0.2832908466466333
0.8452193373039157	0.26980878488466453
0.8756422410508563	0.24110117960390548
0.5702588877675462	0.296803560307542
0.8213658463199222	0.27574112709931525
0.6682173871539434	0.3136916840123768
0.515694329938364	0.2782293525957207
1.0129252191556177	0.17060375563014454
1.0802949512859399	0.13972360246821053
0.3268487607475634	0.22720234131688982
0.9521198700339719	0.1720604401321615
1.0455749916517219	0.1502582725859296
0.8234414339139015	0.27526980580925453
0.5471226414330256	0.289767170848614
0.5811533087927472	0.26962827898648156
0.5948604012281757	0.30297370330795365
0.3404790351256446	0.23726348103291178
1.0293422211019068	0.15416097860690828
0.8180378932112015	0.27647882894605097
0.5639028068584191	0.2949911396109032
0.8987424821762959	0.2525523102330056
0.8789198417020406	0.24001572068989843
0.7065771089412505	0.28811351505174926
0.5884102652533272	0.3014846230791673
0.8444578670628656	0.2700154845759025
1.0244242105272652	0.15557757326797128
0.7393504722084857	0.28735707956428724
0.8538035153969051	0.26740072723311153
0.6053336574259002	0.3051993908066424
0.8533653072861362	0.2675271040026052
0.9816315458644279	0.1831369157015281
0.9052082451427712	0.2306161189255809
1.0414037563490102	0.15113529646342497
0.9174014704246574	0.22586877440528752
0.40155984968198727	0.2775673482687634
0.36170345044629704	0.2522190065847402
1.0410480685913854	0.15121440665459673
0.9704226398098325	0.18791336527275657
0.7673570578027945	0.2849406734033227
1.0372505721133007	0.16281221392631232
0.9092366424746647	0.22907296714770162
0.710470631795999	0.3148513061286284
0.9178225634926461	0.2257008488942307
0.6385846888122189	0.31071642531309973
0.4127472737281908	0.2840035100066595
0.340055139861832	0.23695554754456746
0.7916338862251672	0.28153999951045194
0.3180233089130665	0.2205329110142597
1.0778456888808885	0.13963121070839415
0.3180629193343285	0.2205630737537821
0.975084376821132	0.201182436953286
0.5979435908682353	0.3036535344443605
0.4157669335399869	0.28568923830225385
0.537649465135591	0.2865328045377905
0.5920095530473521	0.30232673569072505
0.9824901311970731	0.17054264253364934
1.0110125358772317	0.17131066677452972
0.5550485440259674	0.34079225115217465
0.9427614806050093	0.21534872170111316
0.3429156343411549	0.23902689591620097
0.4107240640929394	0.2828618129246606
0.7994349816107024	0.2801916836882014
1.0019563103576101	0.17478750831315645
1.0460036895808884	0.15017360210698566
1.0071485325764524	0.1727695276206305
1.0914060049831489	0.12586472731254342
0.6964653325165523	0.314863698985295
0.6611217965684231	0.31314333664853866
0.6321666218885986	0.3098328242825778
0.34318475101821694	0.2392209611497603
0.3911437699217717	0.27130492325614447
0.35413858877422766	0.2469965912858384
0.7216428506153805	0.31456192010323814
0.617940476352159	0.30756631757804725
1.0466495847857225	0.15004802254854754
0.38910893556069714	0.27005122160054995
0.8661745414223281	0.2636818640256449
1.0842592364756336	0.13397610518287575
0.694601038085588	0.28782691481235656
1.0247476667962006	0.1665021780351249
0.3822455862545898	0.26574996238058957
0.4165724297966327	0.2861352142737535
0.39189630501772255	0.2717660719697839
0.33860503416221555	0.2358995963367248
1.0978867132193213	0.14209700329612687
0.4157523154438499	0.2856811303941125
1.0146292368795709	0.1421922083029692
0.7200918133678119	0.2880739303743899
0.403660994518331	0.2787990706974008
0.41115293316517787	0.2831046442821857
0.41492425940654615	0.22511423625544622
0.5750320177996697	0.29810520777391075
0.9790852034877707	0.19942154676447615
0.32312696515161465	0.22440285708296556
0.7188263828460532	0.28809390528964013
0.8406376990472564	0.27103535492529107
0.3694690685539942	0.2574480993453925
0.9447453943056908	0.21449588558950214
0.36485362199713683	0.2543565952603712
0.3879979118534169	0.269362532659419
0.46238077506949826	0.3089696298582078
0.5005387296087591	0.271826844394949
0.34552268176381823	0.24090092767595175
1.0621857905125784	0.14783488214803747
0.430302073676862	0.29349840377455505
0.9613942994405431	0.20722785303387034
0.366564803982824	0.255508406896547
0.9820865039692326	0.19810618177656983
0.4977442340563859	0.3233009838341408
0.8509496524630288	0.26821712518592905
0.8129818113145862	0.27755704620112
0.5897792720338954	0.30180825782173165
0.38775616032942395	0.26921228916423035
0.8455205139408416	0.26972671895077355
1.0432112764778245	0.15074362310573636
1.070974000260275	0.13962316324114546
1.028726687496197	0.1800718809044319
0.5267453231879573	0.28255105264769365
0.6417067396156416	0.3111152391272463
1.0306181646129213	0.15380958424484967
0.36365666477831315	0.2535469969177814
0.6249841002520333	0.28005562622695374
0.9973616881529674	0.16478673379195277
0.4346867560053986	0.2957554220299661
1.0170484204138937	0.16911780842841792
0.4173072613820917	0.28654070978681606
0.3957440725391462	0.2741027976041563
0.8346752633606215	0.27256986977978914
0.40985469113276574	0.2823682076243867
0.34670138152632307	0.24174380240021404
0.7009692773671811	0.288017067471596
0.37125284686928883	0.2586298935622346
1.1109473019429443	0.13286144965877705
0.8460907918512143	0.26957084288431304
1.0204074037715918	0.16794934069587023
0.9091722811872085	0.2486078787191441
0.45522754050151404	0.30572706932553184
0.7887366660578543	0.2820091883575884
0.5687077146705061	0.2963696026614516
0.7989833459879259	0.2802731169307246
0.9865490808367969	0.1810682728629303
1.0165428765273163	0.16929705373795167
0.850776750960814	0.26826608188523327
0.7736938558041072	0.2841695145814226
0.4470846292021348	0.30189197846549287
0.3399235282054397	0.236859871192949
0.8990195739605786	0.23293577101834434
0.6045646943444121	0.3050440206938588
0.5634488691343748	0.29485822734784
1.0044662915062206	0.17380432733172735
0.34979202431628986	0.24394056118617283
0.39820020678254653	0.27557585270301566
1.076751813614283	0.13370089851430678
0.7167240909762274	0.28811967116313214
0.5916520569911952	0.30224435784612913
0.3258234966852178	0.22643318371383547
0.6544045834456158	0.31252940185707084
0.5546403397054401	0.2921868451297225
1.0718976298985181	0.13370434773190937
0.4549190838702106	0.3055845953918194
0.4722402519293726	0.2583726207672377
0.6809589428789734	0.28712957643845805
1.010324815715334	0.17156738822709985
0.4882355425072227	0.31972111676975473
0.7944074525016599	0.2810748099413737
1.0100372438041132	0.1716751244416507
0.8177750640805594	0.2765361435182595
0.711551674026942	0.28814358347885854
0.38957062247893637	0.2703365420704192
0.8625632144624442	0.26479744314783454
0.5354613699415766	0.28575612434225317
0.42495831889872926	0.2906859949714758
0.6039246716766576	0.30491373430203017
1.007216534825974	0.16119976855712878
0.7024066840394896	0.3149061960821163
0.34545422541395104	0.24085189020211814
1.0243316022008002	0.16663762839383403
0.9385151587043353	0.21716170239209726
0.3941193716293255	0.27312044792760887
0.9414540078207365	0.21590880877074514
0.3711256204520882	0.25854584505373795
0.8301231893568822	0.2736941370537914
0.5082902092941993	0.2751706749415957
0.874776371950192	0.26092679709323063
0.3720066316495371	0.2591270957062625
0.36561189569529523	0.25486781096283373
0.9220313033039655	0.1836553584849015
1.0126550303969526	0.15932376933676948
0.5509439787333416	0.29101329024272976
0.7957165542097768	0.28084980412448934
0.970962245280487	0.20300214878921377
0.38726092563126047	0.2689040770782333
0.9977114137240441	0.17647950279042976
0.5901532805494304	0.3018959617123473
0.9237359382962553	0.22331639170973266
0.7664870025293389	0.28504010963237225
0.6701199756273314	0.28629183992234464
0.3565765457470807	0.24869319317341743
0.40290316589754427	0.27835604268050307
0.3824677424478761	0.2658909351386134
0.41333917875796394	0.2843356647837824
0.9073178696629824	0.2298111886744037
0.8090220455687624	0.30388987753343893
0.5868502451941314	0.3011108347335547
0.584064530172917	0.2704584268002853
0.9153358022386049	0.22668881138670613
0.49684198605252317	0.27018077854101624
0.4199729396988607	0.28800083651335284
0.4136429789236114	0.284505819589006
0.7420300532076487	0.31339896414671287
0.9039854819063627	0.23107940085189813
0.398415247264794	0.2757041335829985
1.0351777101436523	0.15261205933520897
0.5203364656915783	0.2800801039140128
0.548607608734375	0.29025539315732096
0.35399335574651913	0.24689512126131918
0.863264815199325	0.2450178265623361
0.5861225062782169	0.2710332853487023
1.1050653243452095	0.12100665097711304
0.33429178903849355	0.23273609800501774
0.8461857906523681	0.26954481497667193
1.016230301581464	0.16940830549674907
0.945047884052447	0.21436554824050014
0.7940883677704025	0.28112912499965126
0.9995988465808431	0.1757229102375647
0.9378205184525548	0.21745656991650128
0.38797244939586445	0.2693467148291445
0.39739589517540425	0.27509506311235676
0.9143340206637809	0.22708425012923775
0.744717988954208	0.2870197084075606
0.8363150058131744	0.27215484352224506
0.8169861214238386	0.2767073535483806
1.119648696645823	0.1232636996472392
0.7427012990470075	0.31334679135236687
0.2891579076783579	0.1982435998531697
0.5210502324672688	0.2803601187813831
0.6412048841903077	0.31105249724524375
0.9931702789002218	0.17832487835675973
0.5553606963165979	0.34086892052081963
0.9956992574684435	0.16541220625210337
0.7834328279197617	0.28282372544344697
0.38896809291531315	0.26996408035611713
0.3671505480247801	0.2559011557780651
0.6238000482151521	0.30855149791364234
0.972896395743193	0.18685441655666749
0.42480610845431543	0.29060489121016736
0.7825394174440566	0.26303155830071373
0.36341394242297925	0.2533824328875329
0.38536856050036117	0.26772098478459655
1.0652433898558529	0.14760901213868038
1.230716070881541	0.17866681289054975
0.23672267532835956	0.16006563800759951
0.7760908879000591	0.28385631192542166
1.023435370304522	0.1400273401914499
0.4050322300491482	0.2795971913667832
0.7093550391685453	0.31486660957719736
0.40518515807602595	0.27968592240141976
0.9648777334354979	0.16710247764091377
1.053966660338977	0.14096348434944952
1.0168015080330792	0.15795145130701338
0.5316275384627945	0.3344730418478629
0.8995162519662981	0.2522656181334654
0.40146424057487173	0.27751104860148773
0.3230444056305677	0.2243405310193621
0.5994283192966563	0.30397356788224
0.39549220719806066	0.2739509252322342
1.015282155498921	0.1584481024588732
0.39501588685913996	0.27366329327298544
0.6583275461804898	0.3128991795873585
0.5463020515840733	0.28949520466949463
0.31924931497368414	0.2214656091132955
0.6203570163844208	0.30798141045025884
0.4197198195741652	0.2878629204054112
0.738510398432021	0.31365807884348723
0.9108719727136358	0.22843927089093424
0.6307750812847118	0.30962989462103774
0.6056635245447963	0.3052656517404417
0.7025483185284441	0.31490634927250893
0.34080963836273953	0.23750340853262555
0.2961491111685663	0.2036683982500407
1.0507118045686383	0.1493148838002264
0.4520056634432703	0.3042280499620837
0.7824850397055856	0.282963227460587
0.3969816248195844	0.2748468214097359
1.0876090590750598	0.12557534496749806
0.3724587085866418	0.19595991427696466
1.023526101497421	0.14710457756328738
0.5937110259184681	0.3027149921910421
0.5087606847302052	0.2753689524660535
0.30811382807525606	0.2129346729831882
0.43164521056658217	0.2941946241638931
0.8919220028243127	0.255036571962889
1.030160485699286	0.16480939598796768
0.4129492050699608	0.28411692072076233
0.4014369320487637	0.27749496387620487
0.6435042584363572	0.3113356780754227
0.8313203225475199	0.2734024505187958
0.8890018201532562	0.2205731938174311
0.7660262687625086	0.2850921347955161
0.6821140007823092	0.2872039991051676
0.945765864893709	0.19844312321932317
0.8519738950704792	0.24833280333068236
0.8742786390284316	0.2610899319818072
0.6504579969535407	0.3121254962993929
0.5648459001408341	0.29526579234197836
0.8179229148344215	0.2765039190893239
0.7791805594326606	0.28343522700980245
0.8404461360820239	0.2710857437139446
0.8158508293755734	0.2769515314438794
0.38704547103208925	0.26876980564458747
1.00790005188871	0.16095957378929546
0.6404333820129741	0.31095502445050827
0.6375082047461144	0.3105742155447433
0.2778183696037243	0.18949997687347947
0.6073891842480971	0.30560848277807773
0.9672163675474804	0.18928786621713423
0.6252160944327387	0.3087787057475687
0.8983120280572162	0.25271137644809377
0.6486464721315944	0.3119293589458904
0.726253761770898	0.28792877238008807
0.5856070096109903	0.27089022073312957
0.3830367351496287	0.2662514669753222
0.8324235971471742	0.2534733992809555
0.26279778946139526	0.17819546051206428
0.9586534571682132	0.20843473691218664
0.6945689657010957	0.31483527994644084
0.38989191291493563	0.2705347982998823
1.0914295328630466	0.14083563411306319
0.935933981307984	0.20255389710699356
0.4150757200355582	0.225212274971771
0.33007976577842874	0.22961562924089934
0.4107240640929394	0.2828618129246606
0.9355945927918319	0.21839802124052737
0.983636176355026	0.18229097080065587
0.9953145217008436	0.17744936978899178
0.8377107171984617	0.2717974033449616
0.4279309900953647	0.292258888989323
0.8109651029136141	0.27797275730909793
0.9311849347948524	0.19136442938802417
0.5634992819544412	0.29487301106205216
1.0029162070718363	0.17440989566400233
1.02733627129553	0.15472710619559216
0.5245841565703511	0.28172868106007803
0.9362555508312915	0.23765065203838984
0.8499794676958581	0.24889229288189452
0.40406171703282334	0.27903277627966294
0.36504285374278816	0.2544842934143928
0.7863235025346615	0.28238691424550977
1.0648753704873444	0.14763201588580593
1.1332290530769884	0.14881363579047016
0.9517167924027425	0.21147355567145987
0.9493280074849126	0.21251329305209823
0.35769880079596167	0.2494698831903379
0.7826881830880232	0.2829334821128226
0.8799474298842155	0.2396713184787476
0.5658080366844908	0.29554392892708464
0.8255770757804404	0.2747758614968289
0.9170267578325799	0.22601798942196769
0.8712456608580401	0.24252570706425314
0.4353218682852534	0.29607857381110825
1.0975610125995994	0.13543132592422788
0.38380651200940324	0.2667380040726572
1.0545334046625434	0.14871966144878454
0.9710666076749431	0.18763753738374
0.6150858500269284	0.3070600221613007
0.9764855739587824	0.20056495245211914
0.44736770759453365	0.3020278872906975
0.44239987242711837	0.29961558715260245
0.8714938579839041	0.2424462584276358
0.63795015960278	0.3106328921840294
0.6199067631181557	0.30790500682247496
0.38513025777968046	0.2675713971549526
0.3269253533329751	0.2272597376043764
0.8224778095405645	0.27548969571068854
0.49391172301255	0.26885232939589626
0.9355056926570526	0.2184355103703762
1.1009978267903942	0.13096692613290564
1.0692073974248646	0.1396767023840265
0.5862664978687814	0.300969595442329
0.3628966438942107	0.2530312690436376
0.9655433191783486	0.19000553233241718
0.9879464507230029	0.18048483307312974
0.5495468773678621	0.2905615878042642
0.5691088079009294	0.3440516496519848
0.891310148217566	0.25525561070034525
0.8747009883379848	0.26095153359930134
0.44107900948558987	0.29896447047216845
0.921902791550329	0.2240607315202874
0.636232880684334	0.2820295210676784
0.5616883194226492	0.2943383454726315
0.620489364840345	0.2791878014083732
0.9863780298476487	0.18113983690180216
0.3875458664216283	0.20664518468947318
0.6242339982728938	0.3086215751348738
0.5940160845530742	0.30278393723787733
0.40883312477867556	0.2817858720882745
0.9541823534004766	0.21039647976869233
0.8927220227965631	0.254749211965829
0.34487854883737795	0.24043914702165567
0.906908896128007	0.2299677863468313
0.9244596687724063	0.22302128360048099
0.34954031233804717	0.24376237982424845
0.6719499756652724	0.313938998141294
0.8278046359798406	0.27425096499448093
0.947171854189329	0.19784920256381244
1.0102567275470549	0.17159287635872147
0.3755539071602759	0.26144927126407147
1.0765369074015119	0.1336981492344608
1.0252945534196116	0.1663252443588674
0.780028460477991	0.28331624809112527
0.838079249404713	0.2717023821206074
0.37077913420473685	0.2583167601183552
0.6540718306772026	0.31249658341282227
0.3729858192376983	0.25977101868558594
0.6433107965336196	0.31131227450489857
0.5292575577501526	0.28349316051028184
0.3627538601133559	0.25293423632304
1.078169386746956	0.13372596661144587
0.3465929266769905	0.24166636370422362
0.3829624158543286	0.2662044193400581
0.7983306833685513	0.2803900650075973
0.4157669335399869	0.28568923830225385
0.7822480077181035	0.2829978282428623
0.8962891745367607	0.21799122860961828
0.7048559783893743	0.3149032120482863
0.6358769970473844	0.31035412427702713
0.8812287117979938	0.2392391721934643
0.414847893821957	0.28517849797154887
0.9455400685533553	0.23371100922917187
0.8007888559757951	0.27994508913373234
0.6518068863667421	0.2842999986440731
0.5663491550046478	0.2956994425144334
0.8505566264773897	0.26832832606061
0.6409733591534595	0.3110233758032818
1.0069347277935863	0.17285137742852294
0.40264202749924144	0.27820306114836013
0.960004206871273	0.19238083492651661
1.1423512959832027	0.14536604699819286
0.5280065668891201	0.28302588806672335
0.6538370134759247	0.3124732871481886
0.6339813435372768	0.3100913814196423
0.6975756716426391	0.3148769991967327
0.9166985695539338	0.22614851117172863
0.4140777196480317	0.2847489275677799
0.9712723817336745	0.18754942102774705
0.3963019917607716	0.27443867630951135
0.7080573547239275	0.31488129895845246
0.9987948061108004	0.19095862058423743
0.30983718859876885	0.21426269788150543
0.957668782089868	0.20886760049903563
1.0326740251947404	0.16407066559891378
0.9407326794922417	0.21621711333308605
0.38112669574847935	0.2650381826507197
0.34617958396289955	0.24137101342978612
0.8889289798597245	0.23657936230798118
0.39189630501772255	0.2717660719697839
0.674995621829003	0.3141198478509521
0.8491712485201779	0.2687179149615186
1.0651691239169838	0.15865215509831623
0.952498560954399	0.21113245024200894
0.3960095482679776	0.27426271239610334
1.0010324748157022	0.17515274626842528
0.751711179558514	0.28649054581409444
0.4788516877020682	0.3159924494197754
0.5919380340593611	0.302310277846407
0.9712606199693825	0.2028703250012375
0.3238891006251112	0.22497775843360884
0.9862476403848962	0.18119440971681317
0.7389388819322946	0.2873804800288447
0.39730227348556185	0.275038998517856
0.41834013515556057	0.2871084850880184
0.5520360459316912	0.29136325882752434
0.38685557396026243	0.268651370189134
0.5011484249925887	0.2720951319769322
0.8754242212377845	0.2607137832405484
0.4318175469955411	0.2942836457649987
0.33656390940854974	0.23440671714335318
0.5860720686918544	0.3009223869020494
0.6476156782277482	0.31181473079267985
0.35699906624227773	0.24898593104928532
0.3340037427554204	0.23252365925537463
0.36300656559987377	0.25310593845466584
0.6107261271179105	0.306253334254773
0.6473435867386983	0.3117841072354804
0.43513116333015744	0.2959816412704808
0.6450147363880824	0.31151573904175733
0.5132335970012333	0.32871165535325975
0.4522939326098486	0.3043631500748742
0.3636456238711308	0.2535395141214052
0.8519076139573466	0.26794483421048265
0.9634122361371592	0.1909197137053893
0.38657741387930394	0.26847773195374725
0.8154720901892523	0.2770324141795134
0.3561867595421228	0.2484227931411692
0.8258538184888781	0.27471118857453813
0.42757658923011127	0.29207247341860837
0.5199060506957095	0.279910663986297
1.0553566660186184	0.14078956294667477
0.7623205891049	0.28549467857027166
0.7372691485345841	0.3137436646154822
0.8034041636202257	0.30501693211732533
0.6333313722942449	0.30999956628311254
1.0047257533807727	0.16208510785957356
0.3947253802411768	0.273487600506815
1.1026296231406714	0.13637260737352244
0.9223417608949971	0.22388290450949236
0.9186866190734608	0.2253554820858661
0.8789788308599743	0.22397387836527455
0.36403251368641615	0.2538015597048649
0.42191799314021095	0.2890555160025184
0.6222739470134103	0.30830189872354796
1.0243471640720643	0.15560051992040827
0.36616053025638834	0.25523688307342696
0.9841353643950689	0.19721194650661594
0.42288170079872467	0.289574725232911
0.5985145237772639	0.27428634414205877
0.8943524354469309	0.23464282933835268
0.3716467087857042	0.25888985109830626
0.460243985908089	0.3080133397821668
0.9542138396648738	0.21038270138184842
0.4151100827647472	0.2853244113259038
0.3722392525084706	0.2592802698082033
0.9332419858352952	0.2193871481531098
0.9313008388712524	0.22019851084824987
0.41011085681728643	0.2825138398029805
0.943775892743421	0.23446466205272593
0.4945599638623665	0.26914801952500983
0.40079625049362205	0.27711708859895473
0.588676663662871	0.3015479210186533
0.823588331428725	0.2752361221608716
0.49208411215565573	0.26801314396243575
0.918351661766657	0.24500067754265398
0.6003537689545692	0.304170638450226
0.9245055699270047	0.2230025435389264
0.4413068232897618	0.2990770630693397
1.0063755085415247	0.18788309843436696
0.7697950234845915	0.28465375110619234
0.6341726153187569	0.3101182324677466
0.3736887520906334	0.2602319074045311
0.8064875025549316	0.278866401206965
0.6575417573995495	0.31282763890968984
0.6157191214705324	0.3071738324830666
0.5917235364190696	0.3022608511306758
0.3830491247016824	0.26625930887934307
1.0249519126614888	0.1664359507568066
0.9504625530397348	0.18357476091701572
0.847514342166448	0.2691789764670655
0.735166169524446	0.2875785624863862
1.0345293679532694	0.15277661283742988
0.4831254933833102	0.3177149280253168
0.9038873500747323	0.21520597802367644
0.5904027722037818	0.30195429696263554
0.9517268557266562	0.19591675231264274
0.5562483747293058	0.2617054111260114
0.405491355978193	0.279863413966495
0.2876218854866234	0.19705363804149675
0.23118587116390824	0.15654529499013187
0.963500613697555	0.20629874925974293
0.5484135757398115	0.29019188745242785
1.2243286634052784	0.2147847431899831
0.7864390056933284	0.3080582979406477
0.7930970311697727	0.2812965494536986
0.822774242076057	0.30088269978754567
0.7648826291311537	0.2852193840361968
0.668018720049966	0.28610019301680356
1.049875196386037	0.14945767224882822
0.9020857410967211	0.25130664017175475
0.6312322910074738	0.3096970170875609
0.729800532813868	0.3141947408501469
0.624668217723518	0.30869129867670747
0.8127175614788481	0.2776119835523813
0.9496368946781155	0.21237907345409385
0.5656468470149213	0.3432857848326102
0.8613575729196125	0.22950572352950807
0.419036332552104	0.2874897471426419
0.32854455379689973	0.22847100416395916
0.9145817715562676	0.22698659229292
0.8243876580588777	0.2750520808242536
1.0621563366930113	0.1400966900562632
1.069923633764023	0.1396523880415371
0.47050641151768635	0.31251096815983737
0.8259677443357688	0.27468452048674163
0.42400105749011513	0.29017500943245667
0.43175486502243343	0.2942512750949226
0.9689657751118297	0.20388439675797085
0.4577249122016802	0.25070441688541395
0.5561553387510593	0.29265883738842685
0.7253038854771656	0.31441337345886
0.7486095509854352	0.2867377394809596
0.37088300408917396	0.2583854643129368
0.8021578422621589	0.27969196085955017
0.6492109792802792	0.31199120505148215
0.2951347334144076	0.20288093674288082
0.3623043881202405	0.25262848859618353
0.6573066802865005	0.2849747311093745
0.9298800951619131	0.22078952370310148
0.9188964846494503	0.22527143750752976
0.711824555201652	0.28814372632121615
0.8296373420665366	0.2738117040232874
0.3290715682709121	0.2288643603482657
0.3461697570842694	0.24136398756113844
0.3491485111930394	0.24348477322434894
0.36795374848748125	0.2564384461686507
0.7723326021247369	0.28434213005029146
0.7766005219775768	0.2837882025407749
0.9688972954110561	0.18856706489287478
0.8738559488651472	0.26122811544215263
0.7811640074806362	0.2831546003668672
0.5578419321616187	0.2931781491614633
0.37296243865391465	0.259755669203122
0.6071686059717946	0.3055650171229067
0.5223482417592953	0.2808662332286222
0.37390020487094816	0.2603703258150222
0.46069805349088117	0.308217427219691
0.7171302473467658	0.31470857062276075
0.5829365631820383	0.3001496048292825
0.3126416757420705	0.21641841896212372
0.7675105666229319	0.28492296766923414
0.3207791941896567	0.22262683560081065
1.015902571839905	0.16952529634224753
0.7762440249734418	0.3096216691925034
0.39425095003129906	0.2732002399037817
0.8541006942800123	0.267314812405284
0.5590202142241008	0.29353711758503737
0.9357612172955554	0.21832773248572768
0.7247467171258318	0.28797160848739517
0.8247299935518592	0.2749728693874475
0.9747208084715725	0.20134276580394384
0.9619068405271332	0.20700188142546896
0.6619496447256866	0.31321260640677184
0.9389444493502965	0.2169792248037882
1.047456549310538	0.14989452699348144
0.8287296258273257	0.2740300993611495
0.42024125963142783	0.2881468671591284
0.6369704989251797	0.3105022779578077
0.8924857819344199	0.235315136428554
0.7415456064512363	0.28722633425768557
0.6718505629324991	0.3139327780121853
0.3629515951747042	0.25306860061500186
0.9781682271748856	0.18460560639149481
1.0116029902014534	0.15968020659537527
0.7720262014695168	0.28438045899141623
0.860296922707428	0.24591332051548326
0.938380443243533	0.20153868946046608
0.4902167299813626	0.26714724690243186
0.7083817281343181	0.3148779409871806
0.8868616478244343	0.23730391033342912
0.8037251427865014	0.27939749911629735
0.4051434391361411	0.27966172204647505
0.8016196023628629	0.259988262129285
1.0359887899752456	0.15240896683794594
0.392377940942225	0.27206050537897164
0.390252415709	0.27075695793116283
0.5480286969621758	0.33901596269672735
0.9843071005736921	0.19713714945801622
0.8400948015546381	0.271177971670631
0.43605426507103606	0.29645004191654173
0.3379181400656407	0.23539804971457123
0.7471747788549055	0.31297656858929607
0.41478967235857694	0.28514607420922516
0.897775790479003	0.21745361114525605
0.9050873494083278	0.23066203137566973
0.7010918745251619	0.31490286427509095
0.5596855779923645	0.2937384331073331
0.5056811975528904	0.32613810457869563
0.41444066978879973	0.2849515429255082
0.5939622378222041	0.302771782262931
0.4157669335399869	0.28568923830225385
0.32967901794174104	0.22931720351315735
0.7889389895578264	0.28197697918358533
0.6823820001492946	0.28722085911670237
0.38705813783226145	0.2687777026551738
0.9372602991374481	0.20200420227101376
0.9591125845986921	0.1927627668734961
0.435004108267243	0.29591701334112225
0.5361631373740552	0.28600643788503355
0.334012734707577	0.23253029313925236
0.9470930952265109	0.2134822871078014
0.3077649927111253	0.21266558013845285
0.6552075609711661	0.31260766060896505
0.8441759172092446	0.25047528770306066
0.8055231404025017	0.279053566404907
0.8727850751914096	0.24203105929852528
0.37949189954585477	0.2639929101074485
0.9100850271659613	0.2287447308845294
0.47530943202908726	0.25992722084807907
1.1124296409595669	0.13894470832769087
0.782417319721463	0.28297312462407376
0.8499902429155567	0.2684880504936345
0.9614235801625295	0.17908266739097364
0.5166316285410348	0.3298298042265321
0.40232636322284693	0.2780179183314182
0.8903727889768952	0.2360688538833707
0.8518448413374029	0.2679627309333959
0.4271766016337802	0.29186172023053436
0.79983629172195	0.2801189770355108
0.4020111919527524	0.27783282594065034
0.37069839151055	0.2582633361636559
0.5338916425042699	0.28519205419555205
1.025411140141608	0.16628768926006274
0.40579801008433636	0.28004094425527903
0.4172483849280682	0.28650826818286346
0.9760453115010854	0.20075889105747902
1.0812480674557952	0.13977322026295902
0.32163294729396497	0.223273536423399
0.3947517718319869	0.27350356997366243
0.554032720828952	0.2919960748465181
0.46829301096533477	0.3115612002215698
0.38149478114998703	0.2652726651649343
0.38467959467677726	0.2672881383987869
0.6305085042555763	0.3095905566739548
0.9027589113880887	0.23154169093322707
0.3512707664736624	0.24498468499374854
1.0176794388837023	0.16889528492708036
0.6550900119418199	0.31259628692523084
1.0979408417671033	0.13052785525920696
0.41070978333026353	0.2828537193713821
0.992164558205561	0.17873788780719188
0.35542065712796855	0.24789038476240144
1.0303962042535926	0.15387021596946227
0.5724330173720201	0.29740274866422195
0.9343812818732369	0.23843687440650504
0.23343666555471607	0.1579611418216101
0.6637150550170717	0.2856779066721234
0.7754451607038204	0.2839418443331366
0.5319437630497778	0.2844840823727607
0.696445149658047	0.31486343440877756
0.39887298903906115	0.27597682682593133
0.35977430340595096	0.25089907600504197
0.4433826547280807	0.30009739258723217
0.45407108821633335	0.24869211035733893
0.4054774279984243	0.2798553453225151
0.8466289384475528	0.26942316858210497
0.39035554425821967	0.27082045381210496
0.9584567676399287	0.20852123505834064
0.8960814030447566	0.25353078424536285
0.7072060302064502	0.3148891167434418
0.9004029917544255	0.2519358736696405
0.9377561107543692	0.23701878948722047
0.4235920126945803	0.28995599513560905
0.4143825570373346	0.2849191229716185
0.8623627678804124	0.2648586439484387
0.563606475328577	0.3428232247744875
0.6502630414074164	0.31210471293468867
0.9961839166523151	0.1770964633585634
0.6999394494596105	0.3148971071614559
0.9316045200427261	0.2200718696208532
0.9201298992089597	0.22477623781247338
0.6693082199668177	0.31376688838707195
1.0103096861342173	0.1715730507345666
0.3519953102926868	0.24549461712918452
0.350418155202151	0.2443832184994137
0.5555947569101294	0.2924847991749042
0.8252350890267134	0.2748555704855504
0.8159825287213429	0.2769233384395577
0.8986564245975395	0.25258413541157226
0.30882935910185605	0.21348634798649208
0.6188710129148277	0.2788642135370125
0.900869156198449	0.23224911246574517
0.6985653403472384	0.31488677653075064
0.3770440925269387	0.26241607940041417
0.7978116493969095	0.2804824510144635
0.7651387089298481	0.28519112478073966
0.5692525453970342	0.29652263833372755
0.9566393726703287	0.2093196601896262
0.5297164638913482	0.2836636485725669
0.9484850501809335	0.21287922246364302
0.40276568262894497	0.27827552189077115
0.8677052441946458	0.2436462776979554
0.32085214036182647	0.2226821285118526
1.0388340108816516	0.16240504132345843
0.9893513434858134	0.1949533002227953
0.8230495826974132	0.2753594464732334
0.5855951589155709	0.3008062392753757
0.6083643845927037	0.30579940020673196
0.8032918531386117	0.27947940266301097
0.5509114285043015	0.2910028171711983
0.9726690797731736	0.20224823393558264
1.0809277511681843	0.13381001087039598
0.7456953004522403	0.2869518472524524
0.6422282114402335	0.31117987981354195
0.32663624634636246	0.22704304239641196
0.6243283709195498	0.3086367625375188
0.39162348864388163	0.27159904812599706
0.6275255905419169	0.3091402151187271
1.0847452315807855	0.134006456897261
0.7900512594243893	0.28179841843409853
0.5623748690373715	0.29454191214072317
0.4080419906004498	0.28133317054553464
0.9914602071783646	0.1790279866258672
0.41757239914575145	0.2866867008819955
0.34232157657321727	0.23859801333567154
0.8223470648413341	0.2755193873584654
0.3772837259220778	0.2625710659644486
0.8320046216573972	0.2535751126174755
0.3832474742707916	0.2663848038293721
0.7097606679621365	0.3148613313441171
0.3974092733603536	0.27510307281449636
0.8520958942361311	0.26789110916682357
0.6993331274564221	0.3148930137038025
0.9551883705670352	0.20995597069683658
0.5627772889890249	0.2946607378860988
0.9667850953745878	0.20484811277637283
0.6160546360303009	0.3072337851948133
0.7698541254248431	0.3104995802083976
0.8548113014897273	0.24752327239946517
0.6165768948508565	0.30732663133379784
0.8021402111455351	0.25989451826986226
0.3853058189000508	0.2676816136232795
0.5262755482560559	0.28237323158127214
0.34485907543008687	0.24042517369502886
0.5957780969659199	0.3031782061698598
0.3154995748231435	0.21860734501338563
0.9316494869376604	0.2200531082244727
0.598106352349339	0.303688850400194
0.9037550315342248	0.2311664434330718
0.37035279685311306	0.2580345019730309
0.3349331377205724	0.23320858386783247
0.3815316318148961	0.2652961226671166
1.0668436708088178	0.12906186944671816
1.0266147085039008	0.1549347367922306
0.8514994800981893	0.2680610587982046
0.8716897150021555	0.2423834818120212
0.4710667821453045	0.3127496617921328
1.0510773588661286	0.1492538676671113
0.40985695650919307	0.2218059801667633
0.37678088017413786	0.2622456881933102
0.9494878137457275	0.2124438616893414
0.8124862839504076	0.27765995054588977
0.6417646651455047	0.3111224473222949
1.0019763951633356	0.18965059703730472
1.0108601223818536	0.15993381620638877
1.0130153354244125	0.17057071356663986
0.638238520732756	0.31067095758936825
0.6027744261349735	0.30467736979230686
0.9601644160722594	0.19231219018510035
1.095415000269768	0.13510236193188135
0.41595705743111233	0.2857946436296222
0.3986305228162671	0.27583244358423836
1.021392801191306	0.18235574586409906
1.0225263396643405	0.1561492838134969
0.37914009674742005	0.2637671495733085
0.5519707588573418	0.29134241331462546
0.30067167885099755	0.20717760014909303
0.6852951044041777	0.314592451913729
0.34521000836753707	0.2406768739342351
0.35983894214305107	0.25094343490262633
1.0116294933808114	0.15967118775609146
0.39197432493969253	0.27181380468852445
1.0386103375450753	0.15177410049299925
0.9556379513240343	0.20975893192064143
0.3868682276458939	0.2686592647349531
1.1132080305281509	0.13919731912432126
0.893230406244118	0.2545660419959286
1.0137429721640503	0.1703048131932825
0.6498537659034951	0.31206082702380933
0.4508049787000143	0.3036632637055329
0.38946792637161265	0.27027312026614414
0.9781179797419525	0.18462697320353416
0.36335883011646786	0.2533450487900124
0.49232523255318544	0.26812432758573845
0.7501417515476997	0.3127094479911514
0.6824683634270069	0.3144840560860771
0.36208559889896463	0.2524794973399034
0.39545246894426517	0.2739269495695875
1.0038810367030742	0.17403234169839676
0.8509496524630288	0.26821712518592905
0.9805942335217134	0.19875946822128876
0.6927146086269395	0.3148005273636137
1.0321820332111067	0.1533884208057466
0.8626711182558523	0.26476446630584394
0.9541928491681455	0.21039188688485735
0.338800598693868	0.2360422320694088
1.0634859605998896	0.14772929124480294
0.8257561552049154	0.2747340292715685
1.0103475088844993	0.1715588960969556
0.3423980867791536	0.23865328841157235
0.6506334912956276	0.3121441380120387
0.3745833568381661	0.2608168130975043
0.41988357067765064	0.28795216002773305
0.8645638205256041	0.26418246230856657
1.0063397316690197	0.18789725788713993
0.9169798917798234	0.2260366377762692
0.7295563392524637	0.31420763689408787
1.0499068104022142	0.14153081748469631
0.6460619698305812	0.31163780583082323
0.4132958135534359	0.2843113583997618
0.3420827535161843	0.23842540231210055
0.8321120013442416	0.2732079928367615
0.5617552488558523	0.2943582373276654
0.6130784577231769	0.3066936204313181
0.8988571997509649	0.25250986742617376
0.5566671623310342	0.29281711392602017
0.31524392335509666	0.21841188602547792
0.8805293149253831	0.22345953836863186
0.6224245228095056	0.3083267444326579
0.6275066300194808	0.3091372928467006
0.56508200877676	0.295334239891456
0.8688182582289272	0.26284970334760627
0.9756453863731526	0.18568014065009275
0.37824559615058667	0.26319181891220916
0.8643948111121494	0.26423470670434474
0.8878131205710668	0.25649520517260355
0.34717560544968823	0.24208212892417566
0.35977430340595096	0.25089907600504197
0.4334056441258916	0.2951006766688341
0.32482325731822065	0.22568129128075512
0.675513865412301	0.31414874972979584
0.5510579268245017	0.291049934057016
1.0506684309393133	0.1493221792573508
0.5340932712050884	0.28526483040798845
0.6003537689545692	0.304170638450226
0.8954606244986933	0.253757359310241
0.8399989526031765	0.27120309066328396
1.020823333513604	0.13467654277861324
1.083262587955647	0.1339188021058185
0.6146020069899124	0.3069724923246605
0.7388016854762237	0.28738820193328296
0.36067087421514177	0.2515135350689914
1.0398051201872491	0.1514960030705661
0.40519906627238617	0.27969398934950207
0.681587279013687	0.31444697772273983
0.749740694927974	0.28664989621253045
0.659035257975748	0.3129625293648653
0.37277551109894214	0.2596329047939351
0.3388472031758667	0.23607621279890081
0.6617130533328721	0.31319295267719055
0.3792977138795778	0.26386833229968343
1.043734216119448	0.15063358630862522
0.36008697428875935	0.25111356390353073
0.7426606189114286	0.313349978345298
0.5436918472932964	0.2886197917473827
0.33973573078871855	0.23672329387516824
0.7353376428573483	0.287570201721302
0.9619990092051032	0.2069612374215893
0.914381224055969	0.2270656506393151
0.3388658494410801	0.23608980722648895
0.8085794720357483	0.27845392387485723
0.4071274483344499	0.280807979326274
0.6678209608861896	0.31366375394350743
0.41211386342365974	0.28364713295246263
0.8506824212207927	0.2682927667936339
0.3892883443651941	0.27016215579543207
0.9905137251970996	0.19445420634603022
0.3877434453435185	0.26920438321831464
0.42532403114782324	0.2908806352344476
0.48074846516708736	0.31676194176740563
0.8620542520296466	0.2649526923796136
0.6416142946998635	0.28287446342007616
0.8377908489264554	0.2717767651770239
0.864577101235899	0.2446164389166012
0.7765495646056394	0.28379503663490535
0.36977840788910044	0.2576535665791951
1.0025975927332347	0.16285349078046873
0.6961827893654498	0.3148599209930818
1.1185250058632783	0.14113941200282493
0.7461067762676065	0.28692268343155863
0.5806943850578422	0.2995837271706535
0.3251753733728413	0.225946149125534
0.9160060681414779	0.22642340827739446
0.44509496219384037	0.3009314410365971
0.5989027733080324	0.30386083136816816
0.6871019172929378	0.3146533103195368
0.6846130323363977	0.3145677698764489
0.3939747396136493	0.2730326921561078
1.0921342900901607	0.14094895677446226
0.5560563537496653	0.29262815848252755
0.3981867745529199	0.275567836120763
1.0349260056058627	0.15267571195085464
0.4703258633972494	0.3124339110714997
0.6117622732748866	0.3064487242290814
1.0505754853596645	0.14933785245126746
0.5929760252114502	0.3025480464860214
0.7527008586893934	0.31246524700590017
1.015246274949626	0.16976062588068785
0.9139191005903934	0.2467576238513974
0.9987152501553219	0.17607628982867113
0.6599796059312569	0.31304546437621955
0.9508270587171233	0.21186128010172298
0.7885005863078027	0.2820466658166289
0.3200923979743349	0.22210590689687632
0.5620695826353027	0.34246931342633086
0.48349472256672693	0.26395938759492443
0.5307562517591562	0.33421615581239783
0.5152606062027622	0.2453836340519643
0.8364916228212552	0.27210982434650416
0.9419340181181362	0.21570337111943855
0.4019016826212187	0.27776845794499655
0.33337582397663207	0.23206006214944902
0.4906822476040816	0.2673639052812208
0.4508609383744078	0.2468970251631402
0.9280351354166537	0.24107185980718004
0.36951485990370336	0.2574785283659973
0.6489773484659299	0.3119656887302863
0.958125223816154	0.2086670008869829
0.6416258691364907	0.2435236484511916
0.3769602994873949	0.26236185331199346
0.2967584188862929	0.20414137890555517
0.6856161756575165	0.31460374632672083
0.9509119017894241	0.2118243305708229
0.6634775981095551	0.24694624960269862
0.6547961994616324	0.31256773444585684
0.4931306616726137	0.2684946891123176
0.7964041328821979	0.280730228138405
0.4092298124485789	0.28201229827151736
1.0254621377869646	0.1662712800680998
0.6451116505539507	0.3115271307373012
1.03013607724283	0.15394154074009586
0.834015129797475	0.27273545277595346
0.8843368969917297	0.22217811113532776
0.3576138132443714	0.24941116054818815
0.6568546780451326	0.3127640480506349
0.8244039629282077	0.2750483134220405
0.5659939673985034	0.2955974382806227
0.3424172209145917	0.238667110174717
0.36034621431090025	0.25129123590215685
0.5697468951675487	0.29666091981217196
0.9478861736640676	0.21313887022016448
0.641243477879266	0.31105734077588704
0.6135239933560105	0.30677568290482504
0.5028514992547952	0.32514226441105326
0.9536991735745186	0.21060784710555422
0.3632266388829253	0.2532553524143876
0.9945582375705282	0.16584449385490904
0.4054078022365369	0.279815003305122
0.39892691088670024	0.27600891691522955
0.6589762639391067	0.31295728778296267
0.9725723050542573	0.18699304694597577
0.36233723280206953	0.2526508460072104
0.8116102378158808	0.2778406652179509
0.7369838664974487	0.28748682142947685
0.5734983215049397	0.29769249781039225
0.3117218293412494	0.21571215250788528
0.31723382815601453	0.21993134298447295
0.946706569658996	0.21364947843142593
0.5159137321842454	0.2783179831819516
0.41701303557193803	0.2863785050572246
1.0079415068950757	0.17246695571146534
0.6497504378177921	0.28403073708945603
0.565774239964097	0.295534194161569
0.3636125057645928	0.2535170672243276
0.2879478343045693	0.1973060559691932
0.831368816057903	0.27339057493769126
0.290332671605441	0.1991543750617756
0.5881085178273903	0.3014127384884198
0.6484518942662297	0.31190788907552747
0.6618707753154035	0.3132060674052365
0.7956997793265624	0.28085270940963253
0.8404884540623035	0.2514460329504999
0.6677416911229906	0.3136581306600916
0.8116102378158808	0.2778406652179509
0.8159002188125308	0.2769409626859335
0.41633779934990295	0.2860054678163695
0.40842305757348357	0.28155141172981024
0.6050955361853169	0.30515141381620864
0.36368979211562946	0.25356944679849475
0.9016139339703957	0.23197100997803177
1.0017534386699458	0.16316117700125626
0.8935351671752405	0.25445602777675264
0.3678097541730958	0.19262287078336704
0.6270517266543126	0.30906695484979235
0.9452098167031245	0.21429574214374295
0.3992372472875694	0.27619346938729933
0.7662782372958231	0.31095644902002817
0.6754341229624536	0.3141443379821166
0.36712798014516446	0.2558860381320138
1.0087858621242813	0.17214654269289015
0.89572058873865	0.2536625541907153
0.34226422155966	0.23855656960794774
0.9711352149295591	0.18760815722424898
0.33021071404553365	0.2297130863943623
1.048796477095028	0.14964815025285094
0.44468725154804156	0.24337375919505105
1.0195177768093082	0.13494994724782053
0.7105449137498112	0.2361802043986901
0.3589257402406215	0.2503158922564293
1.1044682861196127	0.12739292926449777
0.614788056955612	0.3070062086820629
0.5451543283274009	0.2576957166631155
0.63791171917929	0.31062780474318114
0.5092605468140304	0.27557903020575353
0.3757558123719887	0.2615805672514565
0.9207450295634443	0.22452847522378558
0.9773464537130371	0.18495523683036144
0.39619559770908497	0.2743746824833345
0.9223648495970258	0.22387354398536763
0.33134237206472367	0.23055414510483774
0.8347074500796754	0.2725617742759581
0.39362019627710754	0.2728173605183023
0.4047822297753087	0.27945201663714087
0.3912214792176301	0.27135260563495806
0.8831011949204356	0.22259682079370233
0.36844212906580043	0.2567644245902573
0.8069195200113407	0.2787819443684443
0.9376909932005075	0.23704625233111135
1.0431303216785508	0.1507607905824036
0.8690164060995775	0.2627868080505416
0.6527419388563205	0.31236314775049634
0.8756048724111707	0.260654248432903
0.8267810400732225	0.27449339024757347
0.9226648667263972	0.2237518465232385
0.4784069843011238	0.3158108758750104
0.5771255601579895	0.29866013471234304
0.37099849144491964	0.25846182371928417
0.8708116789968322	0.2622136408159842
0.723993370959736	0.2879912421731584
0.39107903667791294	0.27126519196774845
0.8273011236435044	0.2743704760333287
0.3960626870558236	0.2742947013607022
0.27594199603874947	0.1880660992551056
1.001242313484494	0.17506963381160745
0.3983211381409468	0.27564800709966203
0.9381735324376954	0.21730678158262412
0.8113125353784448	0.2779017244068183
0.3220088506102785	0.22355796675791076
1.101221969561828	0.1360869740095642
0.8587273220892369	0.2659554211802639
0.9583428387128144	0.20857133011185375
0.6690899763748183	0.3137520358124112
0.5601019939532773	0.29386391578367005
1.1144558951358656	0.1292009215492288
0.9720513110385783	0.187215974479249
0.5399622261154684	0.2873416185576079
0.547171493987176	0.3387921985389075
0.9082544685840951	0.22945156651003037
1.0229712683713412	0.16708545313720566
0.5863902654525117	0.3009996037551533
0.9962959589818298	0.16518709785071053
1.0549421503106966	0.14866173377057454
0.7286864683016985	0.2878496170917597
0.5569150600113157	0.2928935598545275
1.0970914659924673	0.14191334532929792
1.0581539858829059	0.1404721516690381
0.42435007545322173	0.29036156810122526
0.9597191777039077	0.19250294803625329
0.5380096392964145	0.33630666895051786
0.9337207799500714	0.20346738762501312
0.7072749292243752	0.28812087530109043
0.6619693629542627	0.313214239243976
0.4731180209165444	0.3136173452670151
0.43139475813243217	0.2940651256737576
0.6498732511757269	0.31206292422373566
0.941803175593843	0.2157593914838767
1.1059820663786673	0.1318220626445145
1.0773645504647857	0.13961883550205548
1.1007550356555855	0.13599644469793828
0.8124835302697582	0.25791483957683825
0.4197793516416666	0.28789537108231367
0.6516871372093099	0.31225472675830723
0.652702851676739	0.3123591708972987
0.5342512828809752	0.335237081894086
0.6732221112282779	0.28655738205671866
0.3819128710903862	0.26553861480167973
1.0162717128580219	0.15812379696962245
0.8329996468828129	0.27298848597141706
0.3623153355848579	0.25263594081392227
0.9411809628767311	0.216025570370856
0.48833712447959254	0.26626704450107996
0.5028603056929634	0.2728435945605803
0.8999515486119929	0.2325904869918054
0.6055352207187527	0.3052399069055668
0.561671588788985	0.294333371440786
0.4180593089795521	0.2869543665044636
0.5056533731204934	0.274049517955576
0.4114679864539963	0.2832827503341894
1.0388419316463	0.1517196346987733
0.7429046968691909	0.31333080800792973
0.5541476019782294	0.2920322078836689
0.35772005507724497	0.24948456650724968
0.344198575923798	0.23995078349954807
0.8957531738561963	0.2341343869444897
0.49569841063277503	0.26966482794640456
0.6309084053766414	0.30964951300377574
0.9024547174939356	0.23165596076127115
0.954465617652826	0.2102725029797284
0.753431758753421	0.3123931568590269
1.045618489222484	0.1502496338564346
0.4481518994754678	0.3024034101069109
0.6640219540007299	0.3133798683063593
0.6247059886391312	0.30869734485526584
0.8539755837542061	0.2673510027202816
0.714428596866044	0.3147770772146304
0.9949475016557473	0.19256815874331154
0.3673877007175072	0.25605994842220847
0.6043268887175428	0.3049957145279044
0.40709937214371467	0.2807918243194889
0.9377430881454591	0.23702428198152764
0.7542632434752655	0.2862722273675393
0.99597863957763	0.17717967766502127
1.024134387569453	0.16670208313709553
0.7461924984762472	0.2869165635997436
0.5659094432112836	0.295573122533402
0.824224591908191	0.27508972967762646
0.9938115592467904	0.16612864888758713
0.554959390428252	0.3407703175502345
0.43362659377253665	0.29521387577430286
0.8387837411213978	0.2715199941485152
0.6417839745335914	0.31112484861605255
0.41601559021704987	0.28582707696457926
0.5640542305470946	0.2950353729840219
0.46371981442242527	0.3095635700461997
0.41178350505376127	0.28346088066770797
0.3745125580533831	0.26077059147409776
0.3654889900663094	0.25478503795749863
1.0735034562307948	0.14742506996937219
0.4368048157389522	0.29682940377429534
0.7465649331145908	0.3130293431459941
0.6840916372603876	0.3145482705457684
0.4106812246821356	0.28283753242695103
0.6075178927922688	0.3056337970463361
0.9521079156655199	0.21130294786015882
0.5361475265908359	0.28600088216874847
0.850367887778968	0.2683816207340688
0.6379693804968891	0.31063543484127876
0.5267604889202209	0.28255678456026645
0.9320651505792519	0.2198795692895305
0.6642787891571215	0.313399987750066
0.9474255674502061	0.2133383810641502
1.0446473312937485	0.14239135996878946
0.8658067846219952	0.263796588177623
0.37428855674851197	0.2606242735622609
1.0647004561804196	0.1339497096781009
0.37035279685311306	0.2580345019730309
0.35507561099260826	0.24765018126942986
0.532109485661754	0.25259546413876605
0.6272791425123796	0.30910217266264356
0.8335962072348497	0.27284008518748337
0.6871318484981233	0.2874942285463254
0.40634851365843305	0.21948407008209217
0.3986305228162671	0.27583244358423836
0.6333313722942449	0.30999956628311254
0.6321093848607634	0.3098245572730396
0.4694787023766926	0.3120713606310329
0.4162938339483913	0.28598114105952716
1.026327062119575	0.1550180842040616
0.7280696312374371	0.28787085681188496
0.864126786719712	0.24475455062496787
0.9051115315439567	0.23065284962990334
0.41172610340500443	0.2834284915633048
0.662028519740959	0.3132191331633392
0.6555602902274605	0.3126416193408048
0.690016798560865	0.31473765840896334
0.5681125987019499	0.2962016830099999
0.5491093343770498	0.29041920389583425
0.37031827708200415	0.25801162978323966
0.6190820855721875	0.3077639545518442
0.6502045625901078	0.312098463491415
0.7158909515344655	0.31474179120924917
0.4258583928011407	0.29116446145948377
0.5714901381792141	0.29714418738937187
0.8077166262896046	0.2786251244346412
0.4437110754985791	0.30025789514074647
1.0372683065900723	0.14382141923523806
0.7437589137585883	0.31326279786176775
0.9861824245801579	0.18122171161080664
0.45936761751807864	0.17029587523379003
0.5290894567533284	0.28343058538661564
0.32386417454056843	0.22495896894267015
0.6112254797321347	0.3063477850769821
0.5123797575301932	0.27687636162146007
0.9834570597798511	0.1975076193218136
0.5983596333668268	0.30374369326378153
0.6523511376799177	0.3123232450307365
0.7196642520095465	0.2880810546915423
0.7144489040682022	0.3147766162329699
0.6374121595392831	0.3105614102001437
0.6000451141513891	0.3041051172851986
0.6385269839438434	0.31070886333778003
0.30046075382975995	0.2070140477380042
0.3742532151783774	0.26060117777259056
0.41155399081532434	0.2833313289588323
0.3517908521957235	0.2453508311726702
0.9440745958395818	0.2147846370655908
0.9757889218977553	0.18561891697100985
0.6748162753187337	0.31410971921031255
0.614862492177832	0.3070196773696044
0.6353595470551334	0.3102831483263382
0.9609996670329973	0.1919542312191018
1.0140202423450737	0.15886610257655662
0.91405067434923	0.22719582705803892
0.3627538601133559	0.25293423632304
0.3978914975219642	0.27539150046928806
0.3691146178467597	0.2572123994877585
0.821643971381986	0.27567847092586606
0.38287574903557636	0.26614953865195806
1.051003012117131	0.14926620892657708
0.636529081073437	0.3104427721831655
0.8914413276790967	0.2552087032639663
0.5945009527179818	0.3028931040658498
0.5104782397945293	0.2760882733351243
1.085053962745972	0.1400519831010948
0.43023978413748865	0.29346601189167426
1.0258856694714114	0.15514661393801585
0.39769042659252096	0.27527130381579684
1.0668717439227713	0.1397801171606345
0.5538522629072359	0.2919392554788457
0.3854187694004703	0.26775248479001196
0.9733137791198629	0.1866759332867417
0.9033544554765067	0.2313175383318366
0.4066646757593528	0.28054145893387183
0.6982623355150372	0.3148839909330725
0.39355461217451754	0.27277749509968946
0.5969138982682313	0.3034287828316142
0.40574222083784944	0.2800086631734223
0.5462699094122543	0.28948452031567873
0.3781130218303765	0.2631063893538177
0.6505944897439963	0.31214000059477115
0.9404480867136573	0.21633861324412404
1.0010091510775976	0.17516198976951342
0.8607566839861164	0.2653462737394172
0.4181036264216987	0.2869787006478747
0.5513348022123271	0.2911388487459311
0.4251563416570386	0.2907914266954204
0.24945942519131994	0.16862668630991023
0.6266728597885969	0.309008041813177
0.720748196186793	0.31459419531173355
0.42822415688799476	0.29241286957037316
0.4068048009635422	0.2806222142653139
0.525292818959126	0.2819995592190859
0.7298346245127916	0.287807968199083
0.8578887575614147	0.26620484283214013
0.5943213199835394	0.3028527197873726
0.614248662166071	0.3069082557519332
0.30553754287732915	0.21094530843291628
0.3390057779402433	0.2361918043222879
1.097843123354447	0.14208671789510663
1.0549359570808523	0.1486626029639758
0.6370280930845844	0.3105100120560635
0.6279807918931277	0.30921014589703155
0.8082642846743235	0.278516635791848
0.5828121585468703	0.2701037447566664
0.5895834726017017	0.30176222161042265
0.8016738748824582	0.2797818817038466
0.4013413814651807	0.2774386704774053
0.9644367498451825	0.20588547323523015
1.010461534474404	0.16007053563239648
1.034667904770529	0.15274128767344902
0.5509439787333416	0.29101329024272976
0.9341358958145877	0.21901204669029112
0.9281697095160861	0.22149775678950193
0.4008506968203659	0.27714923946757314
0.4283168112663294	0.2924614921156443
0.6917470196720379	0.2877137937947783
1.0570792354396459	0.14837773408155508
0.6382192934786056	0.3106684248608297
0.6940044185239679	0.31482542905338873
0.5044568073564907	0.2735352065853335
0.6205447110122264	0.30801313378149714
0.6217095825637037	0.3082083499988365
0.7138803386030879	0.3147892138629506
0.8002040397195357	0.2800520639029812
0.3966615020670577	0.27465471363343663
1.0498824513734977	0.1352760065489622
0.6428659984226756	0.3112581719952085
0.35958054913765364	0.2507660554772708
0.34243635768444824	0.2386809331352649
0.5600686647363392	0.2938538868166181
0.26193686491202484	0.17756222246706196
0.8489978661342024	0.26876641095742454
0.38704547103208925	0.26876980564458747
0.4193481010006012	0.28766010647546464
0.6042171653089524	0.30497338510532424
0.5379318213195367	0.2866322162228973
0.8308675699099801	0.27351310004971396
0.7597197547657196	0.31172999118807143
0.7136366909899583	0.3147944161182016
0.499333978888945	0.3238801967307032
0.7169880172793582	0.3147125377635384
0.5373417117911252	0.3361187176651644
0.3474727957510148	0.24229392290895568
0.5299290014180886	0.3339707898400134
0.7398736243827582	0.3135606003310879
0.9762410598632689	0.20067265326189546
0.3469975870117172	0.2419551779509072
0.8928818608455069	0.2546916695890726
0.8499272804239361	0.26850576805606463
0.3672860213607428	0.25599188161502534
0.5508626084684783	0.290987104724204
0.8506352511050356	0.26830610428045304
1.0245725273854591	0.16655910687370992
0.38754012487304174	0.26907791001889036
0.9134005246028367	0.22745139218549396
0.34919868297475987	0.24352033950863353
0.6375274151579013	0.3105767744911021
0.8395994418195878	0.27130759550944333
0.35520099073755224	0.2477374937222249
0.724472758925581	0.28797888564529783
1.03488709132243	0.14433499483681594
0.3649092551275008	0.2543941461994026
0.4256139612877744	0.2910347160664672
0.8616564757636095	0.24550522719893564
0.3432713631072105	0.23928338889648873
0.4528720876670397	0.24802460519817143
0.3902781925203052	0.2707728310005415
0.9274649810789274	0.22178850922442567
0.9658053853282581	0.2052809792938257
0.796945690686465	0.3062391536219216
0.5838504603036844	0.3003770766179594
0.9356945773926103	0.21835584745486547
0.662580801302655	0.31326447739246766
0.5345508571056333	0.3353234097303103
1.0628000178259565	0.1400452672986125
0.8572668377942305	0.2663889597855969
0.6714529881978928	0.313907701761012
0.4729905609492163	0.3135637059719251
0.49170413309382477	0.321049983992652
0.8489978661342024	0.26876641095742454
0.41312243973746093	0.2842141365572703
0.4001711826422119	0.2767474726354438
0.7596184274251251	0.3117412873577905
0.9719059524217585	0.18727818676762517
0.8146317317686455	0.27721084923343997
0.8279345235682071	0.2742200536694962
0.7276413084902064	0.28788513820310313
0.6420736679811623	0.31116078170856754
1.142286616033587	0.14532690933404827
1.1183325992998892	0.1410622250824677
0.7252631990847287	0.31441516969366673
0.6328538014283663	0.3099315418294565
1.0296405431664697	0.16496612574648134
0.40098687752413525	0.2772296237941718
1.0062465943256047	0.17311557405364045
0.3631936083389218	0.2532329339412603
0.8217093995988209	0.27566370872524115
0.9748519739945403	0.17360628351902166
1.025068584443534	0.1663981985334059
0.5775419537615802	0.2987693475138429
0.38355783575470265	0.26658098160367777
0.3609853575408188	0.2517286444545775
1.0319353965980644	0.1534541338496001
1.0196625288003367	0.1682049793148158
0.7941555499896138	0.2811177063693185
0.9035608635790437	0.23123971500159118
0.6080146010780245	0.3057311564310041
0.8926210828259554	0.19422517241454587
0.5683845488680219	0.2962785156888634
1.0365603495340905	0.15226771909170536
0.35261039019178364	0.2459266459220636
0.37172791380580633	0.2589434037895165
0.96743351853009	0.1891947312504516
0.9496581863148158	0.21236981913103667
1.0081775236835158	0.1723772076262591
0.6160919262226281	0.3072404337722469
0.9972334023751118	0.15517767492582377
0.9094997241354298	0.2289713014539222
0.9777442540752015	0.20001094131188865
0.7545714602589665	0.2862449494899801
1.0568375937695187	0.14840823114911103
0.7736258138737725	0.2841782330411659
0.7493465280860234	0.28668080744384367
1.0494174169044639	0.16012329718705778
1.1224203251060776	0.12714024558051717
0.36054092885460237	0.2514245875594325
0.6096548213715874	0.3060489037028281
1.0856603042787147	0.13406795236426688
0.6865797537750069	0.314636397067309
0.4311758248186523	0.2939518025699465
0.38082054227982703	0.26484290967670127
0.38900649395411907	0.26998784428308426
0.558273008682365	0.29330984364291424
0.6310227020210433	0.30966630189664246
0.8155873748820263	0.27700782475771607
0.585246106581001	0.24799848976686148
0.8746441554929157	0.2414277499489432
0.8210221570955296	0.27581833969874503
1.115546328918983	0.14000368809878985
1.0363719301273313	0.16304463445215514
1.0043662546141507	0.17384324683995722
0.35938703753805695	0.25063311933308496
1.1645075031104655	0.162738645935566
0.3461009879420675	0.24131481466924082
0.8504674764282951	0.2189292609467716
0.8590677272553876	0.24627918841436441
1.0122335938980536	0.17085814827433773
0.5359134518344599	0.28591750921150655
0.8446285014903715	0.2503542601812832
0.7025280845655556	0.314906329836786
0.6656417989185273	0.28587191463732586
1.0513003897026365	0.14921705537386637
0.9007425646235989	0.21636996847361542
0.44105847415673205	0.2412595234841566
0.795817198852222	0.2808323612020311
0.6735017904565066	0.3140334942120495
0.6436590590429345	0.31135434884236585
0.6603536395649603	0.3130778084502699
0.6296872734192371	0.280915232882417
0.5525355810517842	0.3401678551851265
0.3288466740144227	0.22869655625683485
1.0526754948214871	0.14899712280834787
0.709963500166218	0.314858569380596
0.47644643663870934	0.2604972207510744
0.9429613365862839	0.1866316465146766
0.6614173852671191	0.31316823064208066
1.0156043941008623	0.1696320420933622
0.9034516021309958	0.23128091915799487
0.6250271233173711	0.3087486291116736
0.9925654655426849	0.16660501800904487
0.40447708755986456	0.27927461762272154
0.6506079590469533	0.28414414168232477
0.6492499234536799	0.31199544744740015
0.5861957874750707	0.3009524361379768
0.33128951734260775	0.23051490994163848
0.9964284958861035	0.17699740881361492
0.7134133598459654	0.3147990811636408
0.981669681653698	0.17086901595979007
0.8403366537693051	0.25148540856397156
0.4061470350363984	0.28024272930145006
0.9774975621374361	0.18489091726053114
0.3976636327044423	0.27525527958161916
0.9306137521042679	0.22048463433843238
0.8442038522284162	0.27008418473481055
0.3879851801854071	0.2693546236642803
1.0208437521199145	0.14782986764409997
0.6042354510939373	0.3049771081777839
0.3210631183063364	0.22284200957744402
0.4251563416570386	0.2907914266954204
0.8353830494406794	0.27239137719620704
0.3763152644031072	0.2619438745308805
0.9715673547571122	0.17493805919741354
0.95246690480077	0.21114627022097157
1.0108615016041775	0.17136693392940552
0.30907865328950196	0.21367846032715943
1.1118644930489736	0.1330755551813479
0.3517091483756301	0.24529334817832898
1.0974322329657908	0.13541046435924411
0.9716663824761081	0.18738073431851768
0.6588582856917031	0.31294678411860194
1.0687284317784185	0.1396949202867496
0.9697459147921046	0.2035396211519527
1.05132011462931	0.14132346133147902
0.5256855396628245	0.28214916085538444
1.0319693069366462	0.16427454675307004
0.6750155506674069	0.3141209693156422
0.5218851178623586	0.3315102977853751
0.36401038027265387	0.25378657749096084
0.4367728314106025	0.2968132645808265
0.48216889311502475	0.31733292652939865
0.941661370821075	0.21582008709710115
0.4045879957434522	0.27933912163555086
0.8014735526834526	0.2798189624653777
0.989987462451359	0.16759868853809
0.6609444815715807	0.31312831776733324
0.6587599805047848	0.312938010189985
0.33757599586844395	0.2351479053721056
0.38700747587934736	0.26874611559672656
0.9678723105019751	0.20436765572283733
1.0506312640223843	0.13518417890733772
0.7229443658506498	0.3145121431054246
0.8747998378116264	0.24137693378516403
0.5463498778997152	0.25814223914504336
0.8475418492379739	0.24956537414053814
0.8761987088952081	0.24091829780645266
0.9789203216326028	0.1994939675579419
0.36961793709854	0.2575470071145534
0.5185889751498415	0.27938943602879435
0.34831819238294276	0.24289542038499987
0.6181648990993369	0.30760538803855064
0.8322560362584056	0.2535141204264322
0.5476545995961446	0.28994264880520787
0.857981989748664	0.26617717818994674
0.5295940246997283	0.2836182096794156
0.9944744601790504	0.17779152627816242
0.5487046636241345	0.29028712613920593
1.0331627070047495	0.14472201025617548
0.32352401764576016	0.22470246773767083
0.5215270158583396	0.2805464891282095
0.7389388819322946	0.2873804800288447
1.1163157855530732	0.13422028381974238
1.0213966304408892	0.15649587252182415
0.47805535903544455	0.3156669928405673
0.3823196075352228	0.2657969467084297
0.6967661944105864	0.28790120316728685
1.1683661400688545	0.13979857570515633
0.6186888498074827	0.3076961887715393
0.8738000022152217	0.24170249898547166
0.504527047110789	0.27356549297412547
0.607867385070357	0.30570235583662125
0.2960024276988108	0.14448703276112052
0.455484847082993	0.3058457492770625
0.6007171114282909	0.30424750518129795
0.7020020561096809	0.31490553804447546
0.8893563477616299	0.23642863487078405
0.37170470833307456	0.2589281019074425
0.7625258085388843	0.2653973727817864
0.542841605514582	0.3376389923589338
0.715289196820693	0.2881319349437915
0.6714331126699409	0.3139064397305492
1.0633116693411542	0.14774263916054897
0.5333339271670682	0.284990256041846
0.8037584657704615	0.2793911844154133
0.363722926377738	0.2535918989158862
0.9259369756222636	0.22241675569493857
0.8500531992165381	0.26847032700188683
1.0161538837979278	0.15816224990067684
0.6146206095365597	0.30697586682879385
0.9997627881785743	0.17565750691780882
0.678567403817475	0.31430800734660047
0.6933191048579829	0.3148126130758459
0.9749075583612792	0.20126040636009487
0.6880462233743759	0.31468250506428946
0.4142808970646573	0.2848623894107449
0.4181627300699133	0.28701114639250297
1.0333757844323344	0.15307417656279998
0.8660841454896046	0.24415138869613578
0.3167704598708414	0.2195779248659909
0.9966098357669806	0.1769240312578407
0.8012064021839219	0.2798682868795266
0.3557035570110958	0.2480871348685807
1.0438960727705184	0.14252536268572324
0.6088802275278818	0.30589956480989383
1.043252640590899	0.13619738484841643
0.605938556213795	0.30532071924052867
1.0301233848918945	0.15394502823906261
0.5647844917821431	0.34309129927140974
0.9432178693865897	0.2151528439122152
1.0419933464388842	0.1428767429381021
0.8785939025472131	0.1886236165627994
0.9184999700340104	0.22543017663524328
0.6477517544218828	0.31182998864777706
0.577871866708854	0.2988556052087718
0.6842921542676141	0.3145558343421427
0.3120075614419257	0.21593162593992615
0.6553055289672716	0.31261711801818753
1.0162973030800349	0.1693844311350725
0.44293994251402397	0.29988063474953264
0.30323473115065624	0.2091636333935677
1.0566455328409343	0.14843276807385222
0.9950805566501435	0.165646312911785
0.3681693641655306	0.2565824297046642
0.9459644389506565	0.21397014610861703
0.9902558863616419	0.17952555752316346
0.5471709691966257	0.2897831396889986
0.32648345672584844	0.22692847033332372
0.31552284319259605	0.21862513135469042
1.021736830358607	0.12948653639577842
0.9547598000891574	0.2297457533175371
0.3842425246899631	0.267012963752016
1.1132572147170128	0.1392135413144254
0.31857904266135056	0.22095592025468588
0.9687244790735423	0.17609574745547998
0.42211341763314936	0.28916098259329354
1.0103655687597497	0.1508936979960015
0.8218640465223631	0.25592738622033623
0.9246534289723147	0.20715554528917784
0.6261617068192717	0.30892808029670826
0.46047093078496726	0.30811540267092596
0.3520362359761385	0.24552338776042343
0.7004650506235757	0.31490006169564927
0.7835174251881223	0.2828111845261394
0.6354361849380917	0.3102936955823011
0.39463303816850664	0.2734317114903491
1.0700413744741952	0.14742108278929306
0.3934890505787119	0.27273763307741633
0.4874947264641333	0.26586974166046495
0.5434206656399193	0.2570420012389222
0.8211694690935673	0.2757852738106096
0.8437908746443161	0.2701956085618029
0.617230310911783	0.30744197902787757
0.4041032160827232	0.27905695692159077
1.0166916336766096	0.1692442218144869
0.956798665894509	0.18097926220408508
0.7757340648055847	0.2839036820846726
0.8258700945762086	0.2747073802061214
1.0868358679505543	0.13415541497993574
0.7982804639502179	0.2803990277816941
0.3495101361909699	0.24374101004146825
0.8140545831101118	0.2773325734602544
0.8266997469347922	0.2745125540066056
0.45940757564525897	0.30763616386306253
0.35573502312738176	0.24810900818717488
0.4001711826422119	0.2767474726354438
1.0159705237783219	0.1582221765839228
0.6628570443499162	0.31328692419590326
0.9298009926305459	0.22082235770179198
0.6313656961930127	0.3097165196664752
0.9426744773748021	0.21538604103290723
0.4289609420035566	0.23398291641881033
0.46334920809777225	0.3093995953540472
0.9924602273793829	0.1786163178750202
1.0574076526887726	0.14833695727228427
0.6084564668805592	0.3058173221793601
1.0778535717788427	0.14761684787017884
0.9017297650615271	0.25144012948546124
0.9519388399801167	0.2113767108043985
0.7105314924447592	0.31485040013495047
0.36844212906580043	0.2567644245902573
0.45510754480003374	0.30567167028426473
0.6326055819736531	0.3098959975188704
1.0585171631560981	0.14820499670014975
0.961522725675265	0.19173000584201744
0.3808450150290383	0.2648585271754764
0.4276227853035624	0.29209678957938817
0.43056698451154063	0.2936360601752866
0.9658053853282581	0.2052809792938257
0.7104263568885416	0.28814134003139547
0.8605370928306375	0.24584149061510888
0.8231149037909483	0.2753445248058262
1.019824348241124	0.182886218501172
0.8634720530738134	0.26451900325188776
0.7288578225001834	0.2878435758867783
1.0887519494515654	0.14045510671273778
0.388661170389183	0.26977401955457564
0.8648402722835906	0.2640968895055686
0.3401021746852831	0.23698973207654575
1.0400863514882535	0.1514315939046478
0.5607691599061346	0.29406414144553605
1.0094234833885676	0.17190581593409582
0.4065386439933086	0.2804687854813455
0.3140581293619619	0.21750436723842026
0.3041094260952503	0.2098407228604751
0.5826732615865333	0.30008372719227855
0.3581990593058244	0.24981522149650948
0.555018533215612	0.29230515934967227
0.37484320532681564	0.2609863577500793
0.936105313283418	0.2181824834901072
0.9592634495214588	0.20816637960427586
0.7366923386354554	0.28750199793443865
0.4117117553983296	0.2834203944091574
0.42271577442617136	0.28948548841082894
0.840653660265085	0.2710311532309481
0.9544761040782042	0.21026791249114238
0.9305122621235131	0.22052684980819423
0.6599599235380339	0.31304375444039106
0.6187824561968669	0.30771234953492754
1.0289098578092972	0.1542816027190404
0.8074177823237599	0.2786840684591911
0.7909943179954394	0.28164504604235874
0.958495808033959	0.19302685705714306
0.8857231328897079	0.2572259381172228
0.9299026925510219	0.22078014254411918
0.2940914083490868	0.20207101156876311
0.5263664175775515	0.2824076684414854
0.7467753909558131	0.2868745462073203
0.7368418144404523	0.31377243018894013
0.4377341417779198	0.29729728539628275
0.5389808599464886	0.3365783232274314
0.9103236678688823	0.22865220112677226
0.8617764464837865	0.26503722508639455
0.6878452649601461	0.31467644223494684
1.0187757772062018	0.1685119351475629
0.9078945077003947	0.2295899426324954
0.35758195510774293	0.2493891439424297
0.915982570655013	0.226432723634547
1.0131509472235805	0.18527650636841173
0.36844212906580043	0.2567644245902573
0.9903604477420945	0.17948228206304517
0.3681239476706422	0.2565521103392143
0.3887250707025305	0.26981360811564714
0.8503598772783679	0.24878618703449923
1.0077358131312777	0.17254528902576127
0.8038417688511129	0.27937538865363887
0.5522580694442273	0.2602976675548165
0.7122509909285258	0.2881436360749071
0.44000397112938083	0.24063916126231466
0.5709595898751222	0.29699782557697263
1.0173629422271246	0.18374412304936777
0.5920095530473521	0.30232673569072505
0.35084384000196506	0.24468370256680935
1.1160481381807317	0.14018630974961435
1.0229639435931928	0.16708788471740685
0.29562772063486914	0.20326364609322317
0.3702952679076747	0.25799638279325193
0.9827468839316845	0.1826658308087823
0.7096389743151693	0.3148629492100578
0.3517767527716529	0.18106717822672388
0.5378371821195517	0.33625822859016263
0.4812191499643843	0.26285501348549994
0.729393545018576	0.31421616894329013
1.0725472603649824	0.13959398996344524
1.0044278193089324	0.17381929231346527
0.8579042972708807	0.26620023290962824
0.4129492050699608	0.28411692072076233
0.6967075412091592	0.3148668105325001
0.8102201974529778	0.2781242333199484
0.8440132784624946	0.270135644073402
0.9487653829850698	0.2323282466843036
0.9722432429113296	0.20243628336270933
0.8516878824065651	0.26800744727537135
0.66360718819438	0.31334709305858827
0.4162205777865254	0.28594059697104174
0.45459385904617217	0.3054341382305075
0.9493386637047128	0.2125086638016373
1.0207867252462859	0.18255916230924907
0.4732637528634166	0.3136786290972908
0.9350114423162728	0.23817291602572777
0.6677416911229906	0.3136581306600916
0.9967158117589916	0.19182491342159
0.957662480442987	0.193383509253672
0.3844297108022633	0.2671308695474415
0.35944076643659695	0.2506700375653502
0.3133020828450423	0.21692498140361827
0.3947385755842116	0.2734955851749607
0.3986574487983579	0.27584848436924264
0.9164757030402824	0.22623705699247923
1.0099766727354462	0.17169784566504617
0.5714045222931717	0.2971206111371335
0.9570140910041319	0.20915516257205924
0.7814181321760315	0.28311806369319803
0.9652789150287872	0.2055135428659292
0.9681966252211754	0.18886747744109617
0.3267297087253646	0.2271131094209499
0.9669967943595473	0.20475456563898822
1.0076443544899902	0.17258015322751816
0.9772959997960585	0.2002081614984165
0.38671644108373765	0.2685645410695861
0.358220383219741	0.24982992971221354
0.41435350648161334	0.28490291320562544
0.6762716468170917	0.3141900315792747
1.0049660296872829	0.1736102454636152
0.8695038478260786	0.2626317759608802
1.0589964875393902	0.12179934240811141
0.35033721283388614	0.24432604008256634
1.0225462306186537	0.16722690427911235
0.3656677930380816	0.25490544476367183
0.5202770614214036	0.2800567446641065
0.7250190841356263	0.314425878366439
0.607150228154286	0.3055613910098928
0.742283012121572	0.28718016808699837
1.0337605552057374	0.15297425223976854
0.6609641818194993	0.3131299895857103
0.5530003416115276	0.2916700143718281
0.4175134522411116	0.2866542578811063
0.6307369930407166	0.3096242831720161
0.5864808823220822	0.2711323786489246
0.4133536357599728	0.28434376699307573
0.9326933019821324	0.21961693293793583
0.9001553266085697	0.21658558809880266
1.0675745309240525	0.1397451682754343
0.8230495826974132	0.2753594464732334
0.5782715514565735	0.29895978228526565
0.6227634390595655	0.308382492118623
0.50083180958604	0.32442089228106974
1.0233250657989574	0.15590704484749007
1.110462982852412	0.13275126441242882
0.696986257053942	0.28790819739401885
0.8128166635955975	0.27759139677784456
0.5854892418455105	0.30078037628123155
0.5294869287180667	0.28357843595881815
0.8608030756854079	0.2653322570681696
0.7426199385873595	0.3133531621125222
0.47499949064530067	0.31440486882434193
0.368760931701813	0.25697692195240923
0.9664891340143541	0.1575602604791852
0.6072605036126831	0.3055831385170061
0.6176600557968658	0.30751734822377075
0.4788265517716724	0.26168006660040805
0.33882855946652485	0.2360626195917092
0.3953200670722282	0.27384703897995877
0.4276695340092555	0.23318573059946782
0.5009542776269065	0.2720097982749177
0.38112669574847935	0.2650381826507197
1.0310403881766903	0.16454717467240554
0.4772978883736393	0.3153560988441128
0.6201881360018763	0.3079528033413579
0.713360052682189	0.28814161180985853
0.35870095687297976	0.2501611434943097
1.0271202527975407	0.16574391419311602
0.5724845053110726	0.29741681087670574
0.4039372705210623	0.278960239057473
0.6752945847412817	0.3141365870595809
0.6145336409323713	0.27796781241364404
0.9443885279878034	0.21464955100973496
0.6503020292986887	0.31210887552982364
1.1197837300022528	0.14165783576739985
0.4153288141241314	0.28544601358669647
0.682067809163737	0.31446739377111543
0.6477128734405292	0.3118256329303692
0.7516255192869693	0.2864976400710161
0.39487057878344395	0.2735754390272057
0.9108481498599756	0.2284485319265338
0.6091751937248858	0.30595658449575414
0.4983322303569798	0.32351585763134016
0.7970243073968778	0.28062154978729975
1.000185905997603	0.1541771245366958
0.37706804088285867	0.2624315744003663
0.41513923430620775	0.28534062455760606
0.6248570925939527	0.30872150276259985
0.8130643746243615	0.277539852509458
0.9126059644026296	0.21189986836877955
0.877129013224564	0.2406112682946675
1.0184723608530022	0.16861760834377365
0.3465239528777664	0.241617102901522
0.8044080633643677	0.27926763651661296
0.9530783681516158	0.21087921572969676
0.36616053025638834	0.25523688307342696
0.7577893419788683	0.28594844019617516
1.1132695136105608	0.13921760267271344
0.6085485633177646	0.3058352287546612
1.0121131779451482	0.17090258305982559
0.3535171548527062	0.24656209974592505
0.5082497796596559	0.3270271053577132
0.30114261425581196	0.20754271065232913
0.9234022947198687	0.22345220305768246
0.4400239461178647	0.29844143577373433
0.37289231642608234	0.25970962599420455
0.6444722138176366	0.3114516096926839
0.6291390424942604	0.30938612162228774
0.2948697183718514	0.20267520394054508
0.9760673515578479	0.18550018397223875
1.0365101219434805	0.15228006922089418
0.6642910016028749	0.2857367418171515
0.26731405133174646	0.18154695006399887
1.142807190885815	0.1385458425028958
0.38698215015014964	0.26873032305192984
0.5557265857082613	0.2925257910398558
1.0703526100573864	0.1396395220958702
0.9342251572971396	0.21897454112310327
0.9751213143296502	0.1859037605030772
0.5911519783315845	0.3021286573384109
0.6166701997494012	0.3073431579250723
0.8722829813633497	0.261739463324958
1.0000592332527778	0.17553937352525517
0.42958671899877954	0.29312584962873983
0.5840088106987541	0.30041630378214684
0.403660994518331	0.2787990706974008
0.3924300830988169	0.2720923476366114
0.30691915828176425	0.21201273455224745
0.9706038196604239	0.2031605165927627
0.6301468732076003	0.3095369539094351
0.7882307340573984	0.2820893653326835
0.8256096385680874	0.27476825971989427
0.4072257448626428	0.28086452411298735
0.41083834472676733	0.2829265632868518
0.3510469832212643	0.24482696548294122
0.815109674587272	0.277109540834593
0.6368745178387245	0.3104893736725411
0.6435623054285309	0.311342685040624
0.8937062663743353	0.2348762400225331
1.0336434929241436	0.16379444577604038
0.34166342141871264	0.23812206235198122
0.939428112757984	0.21677341085257282
0.3478501232566054	0.2425625696302717
0.4315825731580166	0.29416225092246706
1.0698369354567676	0.13374609528078443
0.3519953102926868	0.24549461712918452
0.8347879107934087	0.2725415280900204
0.645984354745288	0.3116288367477311
0.33825186993898443	0.23564183608793382
0.5608770618179648	0.26329014187741445
1.0033989244652375	0.16256291847353582
0.678947053408281	0.31432649034809096
0.8173313676511406	0.2766325847693458
0.6795067148370784	0.314353206102906
1.0002229417958257	0.1754742086558456
1.0183464872216248	0.1686615423954561
0.40811250623837586	0.2813735819130072
0.8053401465306077	0.2790888697952518
0.5799435319583226	0.29939174940282237
0.6519604938720167	0.3122830443414129
0.3783782717906926	0.26327727254518524
0.5774225726369278	0.26853531111817297
0.6427693335529532	0.3112463600291254
0.37038732383705536	0.2580573762076616
0.35167852113402176	0.24527179668365798
0.35553584853171727	0.24797051834882525
0.978308536449619	0.1997628075783297
0.573343521641774	0.29765055117806166
0.6342491372037573	0.3101289533384448
0.3792370750725924	0.2638294119615675
1.0278409595324072	0.14599315051999281
1.0878564195447809	0.14034485336115737
0.6302610535425899	0.3095539078934108
0.9475153863860968	0.19770388983145235
0.804470696473446	0.30480752514877346
0.5646773331724596	0.29521684829069345
0.38875063699757223	0.26982944463854314
0.4164404194317295	0.2860622311215212
0.3734072267055284	0.26004745825378384
0.38405553277681803	0.266895097440598
0.37390020487094816	0.2603703258150222
0.6975788803309295	0.28792652252067663
0.732853105615847	0.3140236284200013
0.507485467540963	0.3267640558791459
0.958245158092766	0.19313415178649396
0.6584258111552392	0.31290803695388664
0.8735659761782619	0.24177843149361208
0.8780524714514156	0.25984178360715726
0.33100798801927844	0.2303058469684643
0.5168370257224287	0.2786896995129655
0.34823841347786955	0.24283871994414563
0.8811885591781212	0.2587849830176037
0.4569818781491741	0.3065332083856211
0.9433047285926195	0.21511554328936322
0.39582367708335475	0.27415076677110484
0.508105089803848	0.27509251172704924
1.0691675746040163	0.14743922671754942
0.9354038272112948	0.20277315301269408
1.060877001861525	0.13418991376468342
0.37088300408917396	0.2583854643129368
0.588836570442142	0.30158584133948213
1.0337794720254359	0.15296935688456684
0.4203307705933166	0.2881955443800712
0.9582828304222557	0.18037058847225454
0.3412453563922936	0.23781930441798976
0.40224409712388365	0.2779696284660779
0.5497090616330838	0.2906142537651195
1.0039195717958505	0.1740173048610677
0.5025141337106402	0.3250223824310137
0.9597993697073672	0.1924685936636247
0.6277910899662715	0.3091810556346029
0.8493445843239135	0.26866937375899697
0.40052424120012314	0.2769563589624951
0.7817060943603296	0.2830765023186191
0.6893328891037606	0.31471940044536556
0.4897260714916601	0.320295408852668
0.5910448818283792	0.3021038081091226
0.9185116384077959	0.22542550855324564
0.8675056244157743	0.2632645095204751
1.0458238093616061	0.14218698183737227
0.8670775787204137	0.26339908217411834
0.3978378584544682	0.27535944546376506
0.8075174064552769	0.27866443863897117
0.9482926752845866	0.21296265805858797
0.5075859498849804	0.32679871006659145
0.38850789950550313	0.2696790230493021
0.7444264961642851	0.28703956521353235
0.6963038748330458	0.3148615596273982
0.6055352207187527	0.3052399069055668
0.3933841988239835	0.27267386092436646
0.5816215038964763	0.29981905585346774
0.3896733752137185	0.27039997368335955
0.6751351297703838	0.31412768155312604
0.3992912685627179	0.2762255714270759
0.7901759439290806	0.307435382582952
0.8964455979677879	0.2338818102262972
0.6689312778689441	0.31374117477302416
0.4514469440098378	0.3039656519280668
0.37391196001432125	0.26037801777051145
0.44129054417811797	0.29906902147422665
0.4603137961621576	0.30804474781758745
0.6182958477440244	0.30762813598277794
0.39308307065588505	0.27249056479000155
0.6251027056928286	0.30876066782196204
0.44117370434922104	0.2413271504596879
0.9969643312377461	0.17678074954849002
1.0123991011287956	0.17079714342375713
0.9978506283162626	0.1549668793219695
0.7409282318637693	0.287264117486767
0.5695081727522164	0.29659421168499317
0.8253165272661844	0.27483661033164963
0.9526357013703338	0.21107257220150522
0.6453442878656852	0.31155439658244316
0.8249092560997894	0.27493129732451155
0.3339947514152368	0.23251702568303534
0.651121145795791	0.3121956055365322
0.4142373430509906	0.28483807556203455
0.5859588902439533	0.34744129998814716
0.6021910622847668	0.3045564056100926
0.6597921982380774	0.2852580465553953
0.8598280753089902	0.2656259824256018
0.35390006622652886	0.24682991899841614
1.0820297678242958	0.13385696853370938
0.34740339617947263	0.24224448096407783
0.7727921221526683	0.28428428539879214
0.9343367010587087	0.21892766045647633
1.1202656236651385	0.13539339187907562
0.5957780969659199	0.3031782061698598
0.7819093323181098	0.28304706698900534
0.818021468621768	0.2764824146817998
1.018538983939563	0.16859437719598105
0.8596886569715292	0.26566783563913265
0.6317851231199203	0.30977759323153126
0.8419293758333849	0.270693713007813
0.6760921351031155	0.314180357327734
1.035871434900313	0.16317903744484058
1.0156267654473774	0.16962402329514958
1.0422180283412608	0.14283436442398695
0.9449830884489655	0.21439347411294954
0.6264645682092892	0.30897552433363984
0.32325090762135167	0.22449640620019803
0.6412048841903077	0.31105249724524375
0.36973254312377496	0.2576231164305582
1.0176698889882694	0.15767093088510067
0.6657220776935946	0.31351054745100576
0.9472111083298808	0.21343121679774135
0.8144503799418107	0.2772491696770159
0.3984555935190653	0.27572818949771716
0.6088065085501645	0.30588528518233565
0.7453193927481269	0.2667493114435522
0.6271464745463541	0.30908164079669703
0.954933911385691	0.22967057795948345
0.4178378540808067	0.2868326979868267
0.7167924363087288	0.28811897925677965
0.3518521598322855	0.24539395519367993
0.5861250872232566	0.30093526833240575
0.6645554450468849	0.31342150934958934
1.0671190582317074	0.1397674467521508
1.031353160195898	0.15361032011736478
0.6418419053311131	0.31113204818284357
0.4143680312745078	0.28491101807098007
0.3905361559720715	0.27093159466856753
0.32606000826136505	0.22661075590296592
0.4118552787675651	0.28350136814030436
0.732337178434425	0.2877076634643617
0.872267833974074	0.2617443654132574
0.8280156926465728	0.2742007195811107
0.6433301407790294	0.3113146181162797
0.42985084047158173	0.2932635446234023
0.744816386275213	0.3131766268913975
0.5332101183878164	0.2849453595644533
0.4063147766959176	0.28033960323741547
0.30119050302339034	0.2075798337688873
0.9753581067382452	0.1858027062360378
0.815719111420048	0.27697969355789326
0.975805803864181	0.18561171678293092
0.6170622268994908	0.30741239366797973
0.8746105136347285	0.2609812084183482
1.0429479200659102	0.14269832636583238
0.6315753805744354	0.3097470982416067
0.4237888696421632	0.2900614478059612
0.8855582718781291	0.2377567913548199
0.41029605823947435	0.282619030117413
0.38553179020847067	0.2678233697822827
0.7808928996341029	0.2831934330653258
0.3721461652986911	0.2592189895537497
0.4065386439933086	0.2804687854813455
0.8788906685535434	0.25956105815770236
0.9268503264006986	0.1636724659424089
0.8047077483447616	0.2792103509627163
0.5992651651740396	0.30393863307439656
0.9887559327625256	0.18014786397538698
0.5993920586562539	0.3039658086703825
0.9240807565339135	0.2231758755234888
1.0228621732250212	0.18187112878301606
0.9270051489832541	0.24149527255198502
0.7916675394707692	0.2815344490126651
0.3821222858227773	0.2656716698518219
0.994291884896297	0.17786603557977396
0.4951098869425133	0.3223290438970841
0.7615046675401276	0.24894117885046008
0.4044216560107829	0.279242367653053
0.3927824177810233	0.2723073416297825
0.42722271943348483	0.29188603908205746
0.27340129389089846	0.18613278901769265
0.8152414782579075	0.27708152189845786
0.6057735216905695	0.3052876951123799
0.618408110163836	0.30764760889012127
