x	low	mean	high	median
0.0125	9.067053092250354e-124	2.0427323655433217e-09	1.3901849082436631e-13	2.5406982288189193e-25
0.037500000000000006	1.4973118353150599e-117	4.434395992310431e-09	6.356514684909732e-13	4.500766792234638e-24
0.0625	1.4651362768914894e-111	9.525847919776806e-09	2.803693685005689e-12	7.018640560241757e-23
0.08750000000000001	9.988315827350263e-106	2.0248381348754698e-08	1.191827088105032e-11	1.0544297208766457e-21
0.1125	4.0601545631168606e-100	4.258627798141979e-08	4.851195938529639e-11	1.5221413837289997e-20
0.1375	1.4331788694972712e-94	8.861816436500338e-08	1.9102921815354138e-10	1.9824281216732786e-19
0.16250000000000003	3.6569085049382774e-89	1.8244737675659967e-07	7.255264957058323e-10	2.398472554928769e-18
0.1875	6.533080551849735e-84	3.716295490354711e-07	2.6411806629680086e-09	2.694309282148881e-17
0.21250000000000002	7.347820846852428e-79	7.489352667368636e-07	9.381176343357947e-09	2.9076038404574055e-16
0.2375	5.388352812086619e-74	1.4933112183610567e-06	3.1576529155221267e-08	2.9140965406345775e-15
0.2625	2.7641973716225123e-69	2.946077375787368e-06	1.0320765055645607e-07	2.7325271122395532e-14
0.28750000000000003	1.0476962850071934e-64	5.751011374736744e-06	3.2422001481658256e-07	2.3728100307438663e-13
0.3125	2.767886266822059e-60	1.1108835390359345e-05	9.693908994798727e-07	1.885073916678614e-12
0.3375	5.214709635180917e-56	2.123394546017134e-05	2.7909915178359593e-06	1.397708985718581e-11
0.36250000000000004	6.906275099602278e-52	4.0163889263047146e-05	7.786368752737168e-06	9.493840849916206e-11
0.3875	6.473431985526209e-48	7.517538981134261e-05	2.087969326600422e-05	6.167307325841419e-10
0.41250000000000003	4.214478515314417e-44	0.0001392274766034427	5.398009713049322e-05	3.751024136074002e-09
0.4375	1.9326851225346214e-40	0.0002551152496044296	0.0001338118265572055	2.0439453659212772e-08
0.4625	5.484239531441979e-37	0.0004624213130646745	0.0003193818696196936	1.0531278193164366e-07
0.48750000000000004	1.1466722403183749e-33	0.00082895161785779	0.000727119431574528	5.070919545874004e-07
0.5125	1.6736903512477246e-30	0.001469200326182009	0.0016109810237486671	2.2599620447377097e-06
0.5375000000000001	1.7302383052325518e-27	0.0025735593607358162	0.003449850051367674	9.253818359333613e-06
0.5625	1.2476480202425412e-24	0.004453494234454304	0.007011202607707146	3.592404750685267e-05
0.5875000000000001	6.543838121953817e-22	0.007609693176607562	0.013724178638274373	0.00012616237513147954
0.6125	2.394160244323158e-19	0.012832064255797384	0.02573594848205977	0.0004208451867671127
0.6375	5.359800860282489e-17	0.021341978661803866	0.046570577177744224	0.0012855039835651025
0.6625000000000001	1.0233687870675014e-14	0.03498757059886949	0.08125191673344553	0.0036888884255231193
0.6875	1.2555387313855326e-12	0.05650096539304344	0.1352558874021162	0.009785884266552443
0.7125000000000001	1.0901467427698709e-10	0.08982017200104268	0.21821335366712144	0.024185133738677297
0.7375	5.847609628242942e-09	0.1404655385033962	0.3383349045173817	0.055643943600755995
0.7625	2.409815771684052e-07	0.21593818041282825	0.5042437684859709	0.12007484907146086
0.7875000000000001	6.438110396884779e-06	0.3260732370928414	0.7236678898505653	0.2365736980209816
0.8125	0.00012395126781029637	0.48323582568577456	0.9984519301743784	0.4390508206740124
0.8375000000000001	0.0017219857448441084	0.7022108780123979	1.3202156038651383	0.7489077973684678
0.8625	0.017411520808865683	0.9996867112097623	1.6784261432764886	1.193979748172855
0.8875	0.11882076826223283	1.3936040774442258	2.0867498634723223	1.7349403710351097
0.9125000000000001	0.5697532192538045	1.9040965844799105	2.596604721279241	2.258695136589058
0.9375	1.872278928306797	2.5639431274912488	3.312901377141352	2.8084442720066614
0.9625000000000001	2.7049651165765276	3.475000381909897	4.452608846591344	3.435227915049096
0.9875	3.0647262109788764	4.884045752660295	6.6394314982339875	4.0718341785718195
1.0125000000000002	3.131346415537405	6.001570678936518	8.947678331859693	4.26926744706013
1.0375	3.0112865597773415	4.968525864452141	6.8899363296175995	4.028050393786574
1.0625	2.6226929330769817	3.442831104427553	4.399665175057988	3.3459043011815197
1.0875	1.9165201288974625	2.475297258421411	3.2093307277126693	2.6804325361034933
1.1125	0.5853993812223183	1.7988275064572583	2.4519852554072346	2.1036286383713927
1.1375000000000002	0.12107172265525391	1.2892920966711294	1.9158682163629195	1.587528422915082
1.1625	0.01831437659017372	0.9058053416879488	1.5035746407364854	1.0784723011843176
1.1875	0.0017331111979362868	0.6231243770973985	1.1538502051599449	0.6722361415792204
1.2125000000000001	0.00012490096383088934	0.4199269856522493	0.8548486502480539	0.38623542993171783
1.2375	6.504268369312863e-06	0.2774764020756798	0.6072891951662025	0.20443606403748374
1.2625000000000002	2.455508756927165e-07	0.17994714700970374	0.4137878678205661	0.10135080455606378
1.2875	5.700666240677325e-09	0.11463428260233914	0.2725897044357718	0.04706835621026455
1.3125	9.822071794566228e-11	0.07179363568523638	0.17195064354760214	0.01984752225391205
1.3375000000000001	1.1438160201394e-12	0.04423709940132498	0.10427739206494274	0.00791204402516944
1.3625	9.675603340902495e-15	0.02683668055063393	0.06104277911289776	0.0029340536145713433
1.3875000000000002	5.605520846373566e-17	0.0160403678874088	0.03441911122260331	0.0010153988142685498
1.4125	2.184020565055716e-19	0.009452268542274178	0.018735593894314798	0.00032282873130014847
1.4375	6.698888193369382e-22	0.005495106433063195	0.00976034091638724	9.593308058872523e-05
1.4625000000000001	1.2078849585456763e-24	0.003153571000332901	0.004896311980146987	2.674257029097674e-05
1.4875	1.7834369632276563e-27	0.0017875804128383171	0.002359138879225242	6.869986360107562e-06
1.5125000000000002	1.7445238174729794e-30	0.0010013661059333626	0.0010921136751994524	1.652625987118935e-06
1.5375	1.1311129749703378e-33	0.0005546087479749496	0.0004874462040890226	3.6949051964483256e-07
1.5625	4.9237429313188675e-37	0.00030382328700654575	0.00020763473465954598	7.747929563951387e-08
1.5875000000000001	1.5246761172768584e-40	0.000164679758453114	8.652980195655373e-05	1.4948288602211416e-08
1.6125	3.609745169337867e-44	8.834022612121298e-05	3.432581265985555e-05	2.6614638652395505e-09
1.6375000000000002	4.87834586342215e-48	4.6909519851455036e-05	1.3059572698056584e-05	4.3924722889240544e-10
1.6625	6.270451741018742e-52	2.4660695277147516e-05	4.777713227619686e-06	6.802982281988613e-11
1.6875	5.572902385181511e-56	1.2835844366194454e-05	1.6858347731810366e-06	9.846173591152823e-12
1.7125000000000001	2.5716195261974617e-60	6.615003645482771e-06	5.783706534653871e-07	1.3199496742416186e-12
1.7375	8.818945590319315e-65	3.3753342613524866e-06	1.8755432398902666e-07	1.6321007862032012e-13
1.7625000000000002	2.356615183711651e-69	1.7051644007254278e-06	5.896837797766208e-08	1.8580518519067146e-14
1.7875	4.38027578376838e-74	8.528091162053179e-07	1.7892507549444814e-08	1.935982250375271e-15
1.8125	5.611980981206202e-79	4.2222384257636785e-07	5.2152429778786026e-09	1.8926764271334196e-16
1.8375000000000001	3.729945900865643e-84	2.0692265053052575e-07	1.4636402515371299e-09	1.7557207136017593e-17
1.8625	2.1545575758092566e-89	1.0037366536722773e-07	3.945420658515062e-10	1.5613951533581065e-18
1.8875000000000002	1.1258789023895576e-94	4.8189878265401724e-08	1.0263429245794335e-10	1.201210282898733e-19
1.9125	2.900685581448898e-100	2.2898209754172187e-08	2.5644270741366386e-11	9.000064018377993e-21
1.9375	6.402219557249771e-106	1.0768390100292965e-08	6.093950246696262e-12	6.114945722073908e-22
1.9625000000000001	1.0668337378086076e-111	5.011943657244873e-09	1.4108346948029178e-12	4.0274718104478006e-23
1.9875	1.067272080000737e-117	2.308757891538288e-09	3.098426810752488e-13	2.4402434567917062e-24
2.0125	8.343839157432664e-124	1.05265186901459e-09	6.599063899053197e-14	1.3838942625705217e-25
2.0375	4.56782959813942e-130	4.750587243153754e-10	1.3339296180220429e-14	7.106202636404377e-27
2.0625	1.8728583667755307e-136	2.122218421904362e-10	2.5877324086057746e-15	3.4028911865893087e-28
2.0875000000000004	4.460633044012141e-143	9.38504502461937e-11	4.919935875619046e-16	1.5137953389173615e-29
2.1125	8.833979650158276e-150	4.108709397281956e-11	8.971882386903672e-17	6.081649684257592e-31
2.1375	1.1625529571527306e-156	1.7807768145428945e-11	1.5786692172684007e-17	2.2679012680692714e-32
2.1625	1.0712134313019046e-163	7.641011172678612e-12	2.6595888764178746e-18	8.056293749557929e-34
2.1875	5.782961287653279e-171	3.245781897378968e-12	4.2860021189417634e-19	2.7592620213804186e-35
2.2125000000000004	2.1003665377760487e-178	1.3648679698589813e-12	6.667843174876424e-20	8.489443746359346e-37
2.2375	5.654119465458674e-186	5.681003768442382e-13	1.0040375679526333e-20	2.4934499946412904e-38
2.2625	1.1208431257259192e-193	2.3402772895514553e-13	1.4707947285191713e-21	6.57632996932234e-40
2.2875	1.5494293065855673e-201	9.539967552299575e-14	2.0438177493131053e-22	1.6686570577678937e-41
2.3125	1.4470162063919546e-209	3.847507078470016e-14	2.769041649785993e-23	3.9498596248806624e-43
2.3375000000000004	9.585456799109105e-218	1.5348588038306275e-14	3.5529244012310816e-24	8.723118608783753e-45
2.3625	4.706398544037876e-226	6.054908857745542e-15	4.475091143778718e-25	1.7195686854684239e-46
2.3875	1.5383647717915437e-234	2.361475253603715e-15	5.277314760909088e-26	3.2516698588833753e-48
2.4125000000000005	3.506358677345604e-243	9.102853886557764e-16	6.032965839011592e-27	5.645825203171583e-50
2.4375	5.4913434542658475e-252	3.4671274107451544e-16	6.698186556733232e-28	8.739083171912298e-52
2.4625000000000004	5.884798299957986e-261	1.3044877465606486e-16	7.198969813099139e-29	1.287471605920592e-53
2.4875	4.392379832979778e-270	4.846970668379769e-17	7.42397488644878e-30	1.780909806336054e-55
