mu	sd
0.3032784170695344	0.1256657836371265
0.2694331523759473	0.1215448673146542
0.31988072730354683	0.12754057501364288
0.30722512673503516	0.12611454588562948
0.3318359610689503	0.1288981222768981
0.3187085321324153	0.12740865381290883
0.3111708227400371	0.1265604110884841
0.3758841926072221	0.12007059979389453
0.3792207092592053	0.12059658567071548
0.29182396623372925	0.12433730828890198
0.3137402606257776	0.12684980879611768
0.3264181104394914	0.1282790860939084
0.41511156445650776	0.11746624649552004
0.31777902214623593	0.12730409090104242
0.27210414586468573	0.12189632237604786
0.36805059122110895	0.1188720987767217
0.3828043748964492	0.1211742635941377
0.29702126570134285	0.12494587030622852
0.408447997498911	0.11625595512373811
0.38156508293898117	0.12097286429149823
0.32885683218693207	0.12855666179780925
0.31235111751157063	0.12669341490813354
0.3738014946726301	0.11974733624614352
0.28642549807972933	0.12369219998019072
0.31428632145447954	0.1269112538437098
0.31171064829525563	0.12662125862570373
0.3790080739474074	0.12056274365071933
0.31020388884598915	0.126451342773947
0.38348315909809444	0.12128535767639469
0.37120790855923846	0.11934964635595964
0.363942031723639	0.11826023109553131
0.395853735666874	0.11410409451139418
0.3094573504002431	0.12636705671616041
0.3153519331675152	0.12703112559655177
0.3695510129816464	0.11909818631000323
0.3229041039929868	0.1278813639061279
0.31667676255795196	0.1271801226994674
0.32034799166878436	0.12759318689729376
0.314063335969161	0.1268861643719419
0.46285245669145103	0.12012381274458082
0.31170843418475286	0.12662100911608576
0.4553260152527576	0.11821190895226055
0.3010061046314856	0.1254057094447551
0.34226612291406316	0.11515803805395097
0.36396837479625305	0.11826412281978385
0.3740014307135679	0.11977821223484607
0.3840454897390022	0.12137783117878029
0.4178106676728151	0.11797511978636614
0.31423725238564726	0.12690573297807198
0.37548790305944585	0.12000880598160855
0.45793019878712193	0.11884311647787116
0.3725841656090563	0.11956003245668989
0.3090110746728177	0.12631663502806792
0.3759711613241665	0.12008417932338171
0.3196881071632488	0.12751889144005987
0.3694951354643554	0.11908973944742463
0.3124132325937303	0.12670041101566798
0.31477069200990154	0.12696574601949467
0.45677122717466556	0.11855880083867457
0.419531878561656	0.11830627117111066
0.30709400831638706	0.12609968797514384
0.36741749430391213	0.11877714370757202
0.31081729309362294	0.1265205458949969
0.3731669314523449	0.11964955372867285
0.3044603157131242	0.12580053095860957
0.30993944407965174	0.12642149455949384
0.35490124069928225	0.11694496651202081
0.3191651726268936	0.12746003576101722
0.35929192955461753	0.11757895697201076
0.31930092411103744	0.1274753128651155
0.29688972668479024	0.12493059918171569
0.31156012087734586	0.1266042945217855
0.2963005438729873	0.12486211959866718
0.3422810839048989	0.11516012891770161
0.41224065237674024	0.11693741464503796
0.366921124571145	0.11870287302479642
0.36893701340166535	0.11900548584564873
0.31850075597981775	0.1273852777467375
0.30697604409106377	0.12608631799343695
0.36816586331873274	0.11888941558482197
0.4222308364602944	0.11883734695105269
0.31805626132023174	0.12733527512899687
0.3089429746151278	0.12630893835152962
0.37954322435682936	0.1206480037203671
0.37401827448542074	0.11978081489036274
0.3186836827919014	0.1274058580133307
0.318387886237061	0.12737257997604473
0.314214950550748	0.1269032237149337
0.5667758611796271	0.14010647799413403
0.32488308707699914	0.128105074011596
0.31066494428290253	0.1265033622774088
0.36576382022709003	0.11853029660994059
0.32264809974170205	0.12785246764215003
0.37503725642748326	0.11993870127539438
0.31914481447886356	0.12745774479894742
0.40613905805565764	0.1158495820945846
0.4274681838908245	0.11991807281696995
0.3576085680862115	0.11733490992662916
0.30972803302130325	0.1263976258930953
0.30555489346249104	0.12592503647446035
0.3803275755257712	0.12077350382219047
0.32487618798323387	0.12810429297050172
0.37239578006611396	0.1195311499032278
0.4066352193955297	0.1159364010205655
0.3144157185418417	0.12692581207749848
0.3167171919758142	0.12718466945047302
0.30069710822471507	0.12537023213138287
0.3931525540053992	0.12294467898268276
0.31834726210103076	0.12736800990987612
0.359933905660077	0.11767237063261834
0.3016528892568705	0.1254798803152952
0.513275765184497	0.11413402841501755
0.4185481710815992	0.11811634036013548
0.38877063004023343	0.11295224645221254
0.30493985346658353	0.1258551096132406
0.36612110374351764	0.11858348800657387
0.4042032966775306	0.11551337671890129
0.3690320170931635	0.11901981268336613
0.40809535165301136	0.11619349496858879
0.37097680885133316	0.1193144560314662
0.3167508867476059	0.12718845881849616
0.3824406462505218	0.12111496522425919
0.3746844826786864	0.11988394269026503
0.3185459141425653	0.12739035815447894
0.30484215615980914	0.12584399436214327
0.41446988797838	0.11734699156474189
0.2993485011516163	0.1252150534162259
0.29935918358839797	0.12521628483698183
0.3190159072372402	0.12744323900701596
0.36284200609646433	0.11809806079682247
0.36944961443083835	0.11908285972481557
0.30549616758884646	0.12591836313530005
0.3182276741546687	0.1273545570615573
0.3055570686860211	0.12592528364299738
0.31499636652676793	0.12699113168917292
0.30794935515991595	0.12619655882847433
0.3836405703944332	0.12131120277306817
0.3723978724894201	0.11953147055633366
0.3146433957254821	0.12695142594638623
0.31342638511827825	0.12681448295301484
0.3191402906079752	0.12745723571757528
0.31512602798653644	0.12700571632667565
0.3045058540950887	0.12580571615099323
0.3190136461335444	0.1274429845752949
0.3170947600094086	0.1272271318055911
0.3182953603915521	0.12736217124861682
0.3431427244919476	0.11528062640014848
0.3674585583837324	0.11878329496300333
0.30069925307751433	0.12537047848902966
0.40565409962608034	0.11576498207996148
0.31104262671240995	0.1265459568320773
0.31013996292501855	0.12644412817773584
0.3144491911388798	0.1269295779029728
0.35781643214769665	0.11736497677464103
0.30608169612922115	0.1259848680500414
0.3104773599288166	0.12648220073929325
0.33004770378108245	0.12869280597723345
0.36919112192965553	0.11904381974171306
0.31440679305975583	0.12692480791063038
0.3099019973344283	0.12641726718133556
0.3192534050570308	0.1274699650808938
0.3180900861062661	0.12733907994344654
0.3063432178360976	0.1260145495938053
0.31138532519963164	0.12658459266323288
0.4215936822631824	0.11871057828983066
0.3246853676873083	0.12808269380149934
0.4141076600275329	0.11727994769813085
0.30481176706379604	0.12584053649148674
0.4500694137470226	0.11701074309918105
0.37088941899679256	0.11930115896479764
0.36606594853875785	0.1185752716622648
0.30701972986827236	0.12609126960442957
0.31619421855366914	0.12712585513829566
0.30139274024575596	0.12545006173852183
0.37641069758156404	0.12015291240745682
0.3246439988787909	0.12807801208741484
0.3535586690915157	0.11675267378504509
0.4011675123017463	0.11499370717544437
0.3289010371438843	0.12856170783776044
0.4148179341460553	0.11741159724402478
0.4178063872432444	0.11797430299922833
0.3147237879604361	0.1269604696617123
0.4239028471794553	0.11917448750872617
0.3708166164313638	0.11929008567289578
0.31550634880422046	0.1270484931929841
0.31136099352684043	0.12658184990970628
0.3589118546830642	0.11752374307849228
0.425675338371502	0.11953961907891868
0.3115291380232013	0.12660080255134754
0.3102898767260124	0.12646104646065415
0.504695997328639	0.1120381997308796
0.3143197816056054	0.12691501845501937
0.36923453088884245	0.11905037260930468
0.39987673875710256	0.11477537380816906
0.3084600670626992	0.1262543401919358
0.31697110629108877	0.12721322523107217
0.31346643857018863	0.12681899118545018
0.3186385067247127	0.12740077532420752
0.45156328419916364	0.1173434304026842
0.39331648270761793	0.12297439312199945
0.3891578768425704	0.11301432746891624
0.3572842251906801	0.1172880323243929
0.31966092233613713	0.12751583139957107
0.3186859417494315	0.127406112167519
0.38584170770726983	0.12167603329105488
0.3162301057601287	0.1271298910868148
0.3605634171673745	0.11776416133234502
0.3079186925184951	0.12619308834376977
0.38943026517651436	0.1130580532585687
0.3034859309429834	0.12568946663306851
0.4931322102642208	0.12118469429425704
0.45746884876643595	0.11872925313091588
0.314444727939894	0.1269290757746723
0.3859145373859337	0.12168821915952867
0.29060361049984446	0.12419273073771339
0.3606594727811089	0.11777818435180452
0.37497173500324393	0.1199285228971861
0.3365219316137971	0.12944241149918737
0.5108805592349178	0.11945183189862546
0.31461883513579225	0.12694866295775603
0.37305153224016324	0.11963180569544808
0.3203888504889938	0.12759778822122161
0.30985354282831706	0.12641179686412718
0.313985324796538	0.12687738629019957
0.26789539704163395	0.12133982339212929
0.3173174475606717	0.1272521765899068
0.31734219942687947	0.12725496038008027
0.33394050740568954	0.12914132190416586
0.3167351621145531	0.12718669040043676
0.30067780515065423	0.12536801492010327
0.3157392207869557	0.12707468411977507
0.37683608695439724	0.12021959876799192
0.36394405802121393	0.11826053043158113
0.2996776726709557	0.125252982030668
0.3738246372587709	0.11975090848264645
0.3710142705943016	0.11932015782526824
0.38159111007653906	0.12097707560503597
0.3050158593232979	0.12586375551980034
0.2929145311986221	0.12446593739298914
0.3242512420412358	0.12803357873464788
0.315990180443993	0.12710290840908303
0.33282483082389613	0.11384596733574519
0.3696462391313686	0.11911258633259098
0.3589774836215543	0.1175332723106162
0.2965716961854729	0.12489365105237894
0.42826379473287535	0.12008929208800027
0.3185775283482006	0.12739391488350912
0.4422994998812294	0.11536824886895719
0.42560200535886966	0.11952434249405526
0.3759817692793554	0.12008583613468227
0.3662355363764576	0.11860054061604623
0.41782564984556797	0.11797797892484868
0.4208216670718388	0.11855816191409063
0.28654685589189544	0.12370686694405962
0.37120999146824235	0.11934996370407251
0.483710817870303	0.11830502204724981
0.373208907527426	0.11965601211484486
0.37578453295205577	0.1200550468496573
0.40653549438891207	0.11591892930449091
0.3893621393269373	0.11304711266308558
0.3135688183437322	0.12683051414284796
0.2805064853591614	0.12296646972018223
0.3807357987451461	0.12083908133132246
0.3147796268314659	0.1269667511118774
0.3431746199692209	0.11528508992888233
0.30246038472895986	0.12557231710703165
0.3182276741546687	0.1273545570615573
0.42045080466772644	0.11848538939291572
0.32085225361897396	0.12764998431516503
0.36607207632737887	0.1185761844146099
0.36113224832446617	0.11784727038779803
0.31715997694990183	0.12723446642493247
0.31017743531504044	0.12644835732425375
0.3086926568946294	0.12628064151256996
0.3663520632890764	0.11861791344410866
0.45336837838723554	0.11775425067025816
0.3219268203359662	0.12777109902321238
0.3137068561530037	0.12684604948234934
0.4847480009570694	0.11859341804242712
0.3720779271832732	0.1194824792676623
0.32361825860593296	0.12796202240992158
0.3746148299220114	0.11987314334920253
0.3726176706642372	0.11956517217902676
0.3139429831974135	0.1268726217417763
0.30167224702794493	0.1254820983639168
0.4184215007000458	0.11809201475418919
0.3568576373507624	0.11722644591557434
0.4569951554198514	0.11861329271807795
0.36878218967702087	0.11898215089354747
0.3097500490077971	0.1264001118078379
0.4832664546965268	0.11818318949653686
0.4281692290766621	0.12006882880119721
0.32274407915862047	0.12786330020550113
0.36585156523309464	0.11854335278740087
0.3938366495051273	0.11377240136410478
0.3368429464486836	0.11440282041952234
0.3730997838512043	0.11963922536758347
0.3696814401539811	0.11911791097902717
0.31792775714077687	0.12732082053331525
0.46095453737836706	0.11961443784346443
0.3059379432424505	0.1259685469404596
0.3069651235062511	0.12608508013348238
0.3121980955246881	0.12667617846615548
0.413026613743589	0.11708100703312951
0.31129464306964844	0.1265743703424187
0.31171507655854197	0.12662175764831388
0.37520219048953646	0.11996433900530008
0.3617505203092941	0.11793778624446345
0.3097214284972878	0.126396880136891
0.3063192367985239	0.12601182841380706
0.4153124730642051	0.11750371592853705
0.3190159072372402	0.12744323900701596
0.4133010991233463	0.1171313594318014
0.46758957283079433	0.11437216961777391
0.3743870066971142	0.11983784863245076
0.44700277901659424	0.11634622001441428
0.3188734864345821	0.1274272135488386
0.4156237159036739	0.11756188801892939
0.3664175044084521	0.11862767357679148
0.37494637634015765	0.11992458455084176
0.3169283997673726	0.1272084223255667
0.36158577568532274	0.11791364851110192
0.37417834503561453	0.11980556013365577
0.31875371730456653	0.12741373766913433
0.3158758817221779	0.12709005385463942
0.29707007529407703	0.12495153529794038
0.31322396321299045	0.126791697740124
0.30622768809098616	0.12600143914880282
0.31582658798233476	0.1270845100059784
0.3694413387275019	0.11908160914620781
0.30089663670055317	0.12539314413352395
0.31604398107472453	0.12710895902301975
0.3194118271899842	0.12748779438668895
0.3646623395584233	0.11836678380403379
0.314248403839143	0.1269069876614452
0.3214209949444118	0.12771407240590638
0.30402691690585576	0.12575115829210767
0.36875948986231166	0.11897873093096968
0.30854781851357	0.1262642641278636
0.3034167458081534	0.1256815719110521
0.30977206638894106	0.12640259781616617
0.3756425316826531	0.12003290107589623
0.32189945954555965	0.12776801364616205
0.33186177685646845	0.12890109471389843
0.324290268066022	0.12803799263330684
0.30989979471033563	0.1264170185205935
0.3141993401167652	0.12690146731282947
0.3083789167056505	0.1262451617146931
0.32079997622476436	0.12764409503152843
0.3605054002635746	0.11775569371248866
0.374106722282037	0.11979448541052658
0.3156093306494791	0.1270600756002904
0.4643041914411691	0.11366021661508593
0.31995553804373644	0.12754899727970412
0.3910482115546159	0.11331878957395548
0.3114605429517654	0.12659307110210105
0.3253525491735392	0.128158242510291
0.31891417213587336	0.12743179147716965
0.4561462085573151	0.11840777935140487
0.31813068019453095	0.12734364625856223
0.35695237625827225	0.11724011666497436
0.31662510958408635	0.12717431373872307
0.3565893912696829	0.1171877587449798
0.3704092961781155	0.11922820208992202
0.32277607820979676	0.1278669120004812
0.41176956736880654	0.11685175700615155
0.31184795067798377	0.1266367304267918
0.4163495504397045	0.11769815181148147
0.3767509525606374	0.12020623945945544
0.37214899216515845	0.11949335431226801
0.328273395562611	0.12849011381741307
0.3692634741817324	0.11905474249754325
0.47973529204496435	0.11724829723079072
0.3853538853137492	0.11240854735109923
0.31739170844548525	0.12726052858637
0.290077196357502	0.12413014934501064
0.26483298934521715	0.1209253010817482
0.364209636581361	0.11829978296414903
0.4146533346925108	0.11738102066551467
0.3996257532913142	0.1147330929294113
0.4298604418014184	0.120439678908764
0.37387513735498096	0.11975870506572889
0.38451910215284585	0.1214560336316958
0.4171503452853262	0.11784949737787423
0.3376111718892545	0.12957053408487385
0.31951823689439335	0.12749977090060743
0.4186727674931712	0.11814029650408085
0.32668617220382357	0.1283095251841653
0.3202685577282874	0.12758424181171485
0.3511849804667114	0.11641430024967743
0.365172809018901	0.11844247437015118
0.38403453724710973	0.12137602619235159
0.3113145468777651	0.12657661410993243
0.3758460205142854	0.12006464160391696
0.2925876214058397	0.12442743450673138
0.30963117924510025	0.12638668897479174
0.40482453155163095	0.11562084602060367
0.30221039754784007	0.12554371915173715
0.306225508654464	0.12600119179870276
0.3068799547410707	0.126075425409793
0.31074883826865674	0.126512825112129
0.4120800384888523	0.11690817623539125
0.3653805317535702	0.11847331790548311
0.31171064829525563	0.12662125862570373
0.3118878228132718	0.12664122305707784
0.3254124284806608	0.12816502714024766
0.38315553956608794	0.12123166620431149
0.3683924376620995	0.11892347801946603
0.29786686696521	0.1250438931727387
0.4114907188713109	0.11680119485430213
0.3000842281058548	0.12529978010226475
0.31552873356901795	0.12705101083358813
0.36552521918566505	0.11849481660721425
0.40635650509143534	0.11588759803414331
0.37722807032459454	0.12028119496040025
0.4577005044235471	0.1187863108897219
0.37450722169352907	0.1198564671448287
0.3782962912354197	0.12044978920875028
0.30976105752402777	0.12640135480029085
0.35631353428563695	0.11714800528208313
0.4479549195857603	0.11655005816161473
0.41599694348239796	0.11763184887091842
0.3173354487431838	0.12725420114391187
0.4349250024755801	0.11391515188457611
0.31520876830688227	0.12701502291165495
0.3148421770073579	0.1269737874042452
0.3357352140187633	0.12935029028118267
0.3220317233794808	0.127782929363098
0.30434541215019145	0.12578744543577192
0.3188644458145584	0.12742619631525295
0.4511574713556084	0.11725242861581403
0.36560676802511427	0.11850693914577988
0.31881020703352136	0.12742009355242345
0.3696752278655332	0.11911697122170492
0.3190159072372402	0.12744323900701596
0.3023612302180985	0.125560976061064
0.414132912473738	0.11728461524980884
0.314284090892136	0.12691100288072718
0.36265037100031516	0.1180698757979693
0.3034189076340241	0.12568181861515224
0.2964699888611483	0.12488182703332606
0.4162262856116988	0.11767495041057288
0.3129261056116541	0.12675816508333926
0.35404255491740916	0.11682190075716252
0.4133220661441501	0.11713521011107546
0.31687670941194884	0.12720260909145334
0.3207408895229157	0.12763743894572002
0.3168250267377664	0.12719679674089454
0.31127916311746556	0.1265726252506022
0.3623561262702628	0.11802663707316997
0.31744122451413626	0.1272660976295503
0.3192443545455934	0.12746894655289864
0.3003091097798749	0.12532564400303384
0.31561380881255974	0.1270605792564395
0.3649103335697038	0.11840353673821374
0.32640194097104747	0.12827725052713687
0.3132906826982028	0.1267992081722918
0.31386277113659283	0.1268635955124875
0.30733880278927755	0.1261274247949347
0.3764850897753112	0.12016456270176198
0.31822541817375644	0.12735430328367503
0.4908205532033369	0.12041602792560335
0.3082188648371708	0.12622705606645954
0.3671486824506809	0.1187369028631352
0.26609483863653505	0.12109712197641004
0.3991107867319222	0.11464651469594926
0.41246194631085425	0.11697775735666513
0.36210244961831967	0.11798939609525691
0.38093691381954314	0.1208714555751952
0.30911874393167427	0.12632880244445127
0.32306649048549396	0.12789969779541283
0.35056346150020284	0.11632601913134942
0.31738945788261974	0.1272602754679494
0.3148600505517027	0.1269757979814951
0.4619076309921744	0.11986753017811255
0.31880116805973974	0.12741907653157025
0.42387420758614397	0.11916865545091473
0.3373963796059704	0.1295452134727468
0.3759605538069547	0.12008252267987186
0.38131145990117665	0.12093186717941729
0.37802240019152444	0.12040645757211603
0.30749407448119853	0.12614501259043115
0.30715519074571834	0.12610662135319786
0.3651036042412221	0.11843220413181131
0.41757323218053183	0.11792986144978178
0.29677944262059197	0.12491779080952756
0.3936343334113672	0.11373930122469217
0.38116417282155624	0.1209080921411206
0.3124753587680807	0.12670740805956762
0.3667674801384024	0.11867991464596585
0.31694862851964	0.12721069731053747
0.3001034979199778	0.12530199695295738
0.41849663512130036	0.118106439911546
0.3713204094304813	0.11936679131463272
0.36452218311486617	0.1183460280141351
0.3750837656063069	0.11994592842274626
0.3015991233713588	0.1254737191716311
0.37311027451882695	0.11964083876420642
0.31507907601550644	0.12700043511088516
0.3734651087769359	0.11969546113610188
0.36593525615639566	0.11855581000329879
0.3192941352767582	0.127474548843198
0.3053613532456712	0.12590304069851516
0.41840433081115797	0.11808871973526006
0.31251974140015787	0.1267124065240615
0.4392837833308995	0.1147633980083385
0.4224254264264076	0.1188762446294963
0.4611771902217967	0.1196730962718738
0.36598425824042946	0.11856310580108845
0.37224516978994854	0.1195080784207445
0.4349977526919867	0.11392907984776218
0.31397418177090713	0.12687613241429407
0.36135690908443113	0.11788013872682851
0.369884455876863	0.11914863661263331
0.29866125087299084	0.12513575251610187
0.4562160453861825	0.11842457673957985
0.3112128282681458	0.12656514688536102
0.3036394849210965	0.12570698447608245
0.31329735535042874	0.12679995927893548
0.3267578447465933	0.1283176665598498
0.3420586238265475	0.11512904389539357
0.3124265444114652	0.12670191030322459
0.37503302873634137	0.11993804441781074
0.37068562287881773	0.11927017109688574
0.31904530292445504	0.12744654679429904
0.316265996669264	0.12713392744431068
0.36465421252742414	0.11836557996558335
0.2943389995518801	0.12463317536380165
0.3060119903144786	0.12597695445854398
0.3091319302158057	0.12633029247639954
0.3151394439992139	0.12700722536497627
0.3142506341727288	0.12690723860226769
0.3240882986085429	0.12801515237076094
0.3098425313825262	0.126410553674123
0.3566248790942567	0.11719287516067642
0.3794378242421415	0.12063118819707863
0.30958716372240347	0.12638171824116137
0.31573250114214435	0.12707392837978834
0.3805370042571021	0.120807124159019
0.3045513984697316	0.12581090155168348
0.3053787456970116	0.12590501766864623
0.3120163307910989	0.1266557018335796
0.31964733072053103	0.12751430148735332
0.31863173082113777	0.1274000129855975
0.305307007462979	0.1258968628909241
0.36585972903712194	0.1185445677684107
0.37185231988420475	0.11944797987410476
0.36523592323129506	0.11845184317156168
0.29859089604064437	0.1251276255831134
0.3728984451922384	0.11960827749567637
0.373463007737507	0.11969513741298028
0.36626415226773457	0.11860480615624641
0.31269732856873833	0.12673240522010887
0.3064478817774681	0.1260264247270004
0.32165103121625926	0.12774000315892448
0.3011370825585089	0.12542073919965738
0.3786905268643917	0.12051228918507827
0.3645404601967322	0.11834873403748698
0.3704092961781155	0.11922820208992202
0.37202359645550015	0.11947416762954019
0.4080298032777195	0.11618190116747786
0.3093011986303364	0.1263494173748883
0.3173444496839013	0.1272552134622494
0.30456224325187115	0.12581213620178192
0.3091824822748248	0.12633600455881347
0.3859101228470579	0.1216874803000078
0.3636139751089807	0.11821179864190566
0.30476835869623825	0.1258355968454262
0.30456658125987296	0.12581263006515944
0.41661757330515614	0.11774868680515378
0.31765512490532233	0.1272901554470078
0.37786205387568295	0.12038112323049913
0.31844657392870523	0.127379182238845
0.314404561725007	0.12692455687241314
0.3204660413860367	0.1276064814607349
0.32797856801150627	0.12845652076755582
0.42383015451787187	0.11915968868108634
0.39644154693336736	0.11420134762690948
0.42046163934501457	0.1184875114163424
0.3111022982947313	0.12655268509183926
0.38090879128600597	0.12086692590686665
0.30122729303034085	0.12543108799002636
0.37024322504434093	0.1192030049194027
0.31548172722628065	0.1270457239636177
0.3161919757261876	0.12712560290506913
0.3266630552109353	0.1283068995476737
0.36956136197597694	0.11909975097566278
0.38700295491903103	0.1218712684592091
0.2999022886339282	0.1252788436474622
0.3372341837549365	0.12952611158313418
0.35530512057846925	0.11700294893413442
0.3791990187665764	0.11144589401880063
0.3168070519555162	0.12719477526028394
0.3032654515883739	0.12566430356518085
0.35638247206305673	0.1171579368708603
0.3500087724256036	0.11624733603687938
0.31105146630078845	0.1265469535624775
0.4283334663952428	0.10688146912287293
0.3124598261843911	0.12670565871054107
0.29310956972779695	0.12448888656868999
0.43151926920718264	0.10742841281380797
0.37645320476396293	0.12015956869382605
0.3567432056164956	0.11720993856317899
0.31799087606493437	0.1273279203061201
0.37539898072929595	0.11999495898953744
0.41995300888809267	0.11838814991751007
0.3086750975102086	0.12627865618180695
0.3766764831720411	0.12019455913280594
0.3053830939462935	0.1259055119166326
0.309235240092093	0.12634196549064314
0.36682687872622305	0.11868878857301797
0.4595836369388765	0.11925916843664187
0.37497596168953234	0.11992917937885346
0.30981610533582343	0.12640757011440737
0.31737820528677796	0.12725900990177344
0.31631535271656924	0.12713947810552975
0.37690634414498503	0.12023062854361202
0.3096377820543285	0.12638743461669852
0.41700743403687335	0.11782240862224191
0.40781280870043524	0.11614355606889386
0.2976074406057701	0.1250138471273484
0.29913492213149157	0.12519042532159003
0.3599638488826756	0.11767673241586057
0.319208154857599	0.12746487275254184
0.3098931869218021	0.12641627254406582
0.2910015669048806	0.12423995337598594
0.3689969030320698	0.11901451667452836
0.3772195425561905	0.12027985339335073
0.4405482451689913	0.11501508297947668
0.41700743403687335	0.11782240862224191
0.41756254303255164	0.11792782628834035
0.3191041017614152	0.12745316334520645
0.31786239604830674	0.12731346867769328
0.3709497564877838	0.119310339208473
0.30990860529045255	0.12641801316926343
0.331491317876182	0.113661508727728
0.31636695970934614	0.1271452819012322
0.38849307637020164	0.12212488531491413
0.3786819500198313	0.12051092782372529
0.30534830948021024	0.12590155799378025
0.34891811282197865	0.11609290507143531
0.308945171182835	0.12630918661847354
0.37204449154803143	0.11947736394500538
0.3590471076084355	0.11754338378155661
0.31223579034566007	0.12668042460458315
0.31585795591773574	0.12708803782254374
0.3027709656820084	0.12560782377243163
0.42004598610937754	0.1184062743046722
0.3154212998303096	0.1270389275408591
0.31727694830679687	0.127247621745806
0.3150097775407423	0.12699264021581153
0.4189888801132571	0.11820120499018665
0.4544471229565678	0.11800478620827888
0.327686311801625	0.12842324336123367
0.3113366635561312	0.12657910728808802
0.4062670627136488	0.11587195471018247
0.3149851910766379	0.1269898746238642
0.3158355499609954	0.12708551792248113
0.28583579375101975	0.12362081474523194
0.316214404651747	0.12712812530907477
0.3004076756804051	0.12533697532440213
0.36565774879534	0.11851451962032238
0.4517346490156363	0.11738200307215925
0.36879663603406954	0.11898432756547449
0.40682461266768294	0.1159696128368129
0.3652664677585944	0.11845637809535632
0.32032075512708147	0.1275901197235755
0.37723020231114557	0.12028153036974566
0.3270192291334635	0.12834736770252606
0.31963147450792173	0.12751251668068214
0.37611546706316246	0.12010672636062739
0.37622587325491025	0.12012398925540507
0.33423108474039814	0.12917505070761967
0.313366313584072	0.1268077213920921
0.30963338016757147	0.1263869375211693
0.45816476120662764	0.11890136721521061
0.3560340246030589	0.11710775752151661
0.3581473663281817	0.11741288451086704
0.3658495243214044	0.11854304905420318
0.3193688197521613	0.12748295405357593
0.35854224581079963	0.11747011308965329
0.3183450053438004	0.12736775603481348
0.36492456976412346	0.11840564762533425
0.3057855431830202	0.12595123949647885
0.449492973335362	0.11688401116027973
0.3237259674465497	0.12797419394841586
0.3731522414300352	0.11964729386821256
0.31063845564998077	0.12650037432118505
0.3708623756769304	0.11929704522259066
0.317650620382939	0.12728964880378468
0.4098847258683575	0.1165119660297637
0.40891424590416436	0.11633876226563546
0.3364791018984419	0.1294373876038412
0.3216829294793139	0.1277435993286405
0.4205960355876455	0.11851385355522606
0.3750351425732467	0.11993837284335827
0.3190543482516832	0.1274475646404077
0.3661394913659246	0.11858622757514116
0.32580881513571097	0.12820995788055323
0.31200303466064316	0.12665420384971002
0.3102656215807498	0.12645830937193592
0.3863342836855257	0.12175860201219946
0.3626483545210737	0.11806957932490279
0.4221849485654805	0.11882818671498561
0.3746169403355573	0.11987347049959794
0.3614211325603976	0.11788953941509735
0.37747976760029966	0.12032082197407427
0.311960933599952	0.12664946050782855
0.3081465368269052	0.12621887271587612
0.38182472785961963	0.11185410145856521
0.37343779659236837	0.11969125321442081
0.41989680988190575	0.11837720317251442
0.40190032320831565	0.11511834096967746
0.3412879612235947	0.11502143387794617
0.316265996669264	0.12713392744431068
0.31909731677233405	0.12745239983047374
0.4067512805915228	0.11595674867280545
0.3772365983774858	0.12028253663999024
0.37653611404242915	0.12017255631637694
0.3802477361656921	0.12076069934749198
0.366630299943111	0.11865942874056547
0.3642968690864412	0.11831268453779178
0.31120619547903633	0.12656439910218054
0.37252554214931016	0.11955104161353178
0.3759541895068342	0.12008152877427816
0.3205455205401764	0.12761543292069108
0.36703590404091946	0.11872003353716024
0.32311224691326546	0.12790486449307445
0.3860293434563251	0.12170744414216848
0.39278210504817146	0.10119361140619029
0.361728414520448	0.11793454658785779
0.3008901984936519	0.12539240501263746
0.37018097551416007	0.11919356510000502
0.3828675915451626	0.12118458606635907
0.3745557453440962	0.11986398573170198
0.37467814983332676	0.11988296064387967
0.2942737386174513	0.12462553201726535
0.31195428652981017	0.12664871159707336
0.3074503289476463	0.12614005791276034
0.3786154892896996	0.12050038130807225
0.37433008226554054	0.11982903653352794
0.4528081837986681	0.11762566703059878
0.3097214284972878	0.126396880136891
0.3161426371796954	0.12712005417675504
0.310974127519775	0.1265382327450322
0.31353988187568727	0.12682725737442008
0.5340587686008428	0.13026099299036747
0.37445870715629564	0.11984895192672389
0.3592162696614038	0.11756796045216926
0.3211911111663619	0.12768816434262495
0.5225040339913514	0.1238594735001798
0.316109001273293	0.12711627139369103
0.31399423947397687	0.12687838941531984
0.3175808077475382	0.12728179673228784
0.38113169465700875	0.12090285279479494
0.3700150490537184	0.11916841646508042
0.3174322210680827	0.1272650850138724
0.36394000544150046	0.11825993176403908
0.31267290495734257	0.12672965493787086
0.49358172044120013	0.12134005413043696
0.3193756100462343	0.12748371826951466
0.3645749870049799	0.11835384644014038
0.32044106598188143	0.12760366867685496
0.2744170424139586	0.1221960628556273
0.37337057885393393	0.11968089966933952
0.32089544523432645	0.12765485023336676
0.36122650262459643	0.11786105690977522
0.40696115428703966	0.11599358140247922
0.29581385711308383	0.12480545496738324
0.3045991180530321	0.12581633410146056
0.36916838676643726	0.11904038822727354
0.3166340921589802	0.12717532393029088
0.3209090858089697	0.1276563870007079
0.3746443772814526	0.1198777240366569
0.372688883247491	0.11957609916367608
0.3728187917408795	0.11959604265577167
0.4155495703520632	0.1175480161072851
0.30907918808170637	0.12632433253786673
0.30538744225015624	0.1259060061668032
0.2801350132121255	0.12292020218060017
0.4219949494336424	0.11879030923253854
0.3142818603440913	0.12691075191913126
0.3708498950882826	0.11929514689341596
0.330236853181791	0.12871447100825947
0.33457159072832365	0.12921462488849403
0.30651331278692856	0.12603384742984822
0.3064086290971372	0.12602197138104004
0.310618590499458	0.1264981334504456
0.3645160910336707	0.11834512608980438
0.3143688623148826	0.12692054045110693
0.3068908726450564	0.12607666313724247
0.420706651591978	0.1185355625771484
0.308172836178452	0.12622184838004652
0.31015098379691136	0.12644537201513317
0.3205091849541161	0.1276113405045878
0.30557664631235526	0.12592750818509113
0.3503572467115968	0.11629675593028099
0.31484664530736955	0.12697429003987665
0.33426417442627354	0.12917889406344027
0.423150736678407	0.11902200524161921
0.3270030314114625	0.12834552668442364
0.31860462852793076	0.1273969637998078
0.31652182664246087	0.12716269841968886
0.41914172793940274	0.11823072301463453
0.37506685220679625	0.11994330000545662
0.3840301563863396	0.12137530426382598
0.3740540711416133	0.11978634686392663
0.30980949913806355	0.12640682424568897
0.36775646429545755	0.11882795226688138
0.3136623218438848	0.1268410375280858
0.3093649704539312	0.12635662162769545
0.41478627084518294	0.1174057121368237
0.37128082026263565	0.11936075693155923
0.3666630529229614	0.11866431887993673
0.30762534417426207	0.12615987838069312
0.31147603097901516	0.12659481682059925
0.37219080415785416	0.11949975456874803
0.4099218969077956	0.11651862311788105
0.41223856574200174	0.11693703456436202
0.3092748137125783	0.1263464365249539
0.32132765741313757	0.12770355255285604
0.31316837341328446	0.1267854399245481
0.31462553330650683	0.12694941648302974
0.36543350672035513	0.1184811878826368
0.37385199025484295	0.11975513118680461
0.40582467369943337	0.10879578114286435
0.44591023329040896	0.11611489269130014
0.3090396367346618	0.12631986291425226
0.3062102529824203	0.12599946036530094
0.3626181091618986	0.11806513275560515
0.3815889410451164	0.12097672461599486
0.34826160691566493	0.11600012022505406
0.37524026719163067	0.11997026103555115
0.3770554384228378	0.12025405011224895
0.39497860423806325	0.11395980520096635
0.3362198610506956	0.12940700055672463
0.30215439076930467	0.12553730980258734
0.35422032722507923	0.11684735574032198
0.37318791864111334	0.11965278261756146
0.317227455623216	0.1272420554689777
0.36877393497220345	0.11898090719700828
0.3027580192304783	0.1256063441947277
0.38275642815102434	0.12116643774217638
0.4405254116470263	0.1150105140462923
0.31749750133434645	0.1272724271070701
0.3144469595322308	0.1269293268381206
0.37085197514501017	0.11929546326753525
0.30015917233509626	0.12530840124458847
0.32044106598188143	0.12760366867685496
0.31234002669954836	0.12669216570137684
0.2968515474082413	0.12492616554994926
0.37689356867608875	0.12022862256760436
0.46451770103073164	0.12058993077291097
0.36127865757663896	0.11786868749553148
0.37863692633560353	0.12050378262951611
0.3328489395790357	0.12901495214673767
0.30997248867590177	0.12642522482789625
0.32213437665648614	0.1277945072416741
0.3281549698289814	0.12847661742556007
0.3172454521477035	0.12724407947372493
0.37711936257738427	0.12026409839799083
0.3768829229390334	0.12022695111193299
0.30426521906501525	0.12577831102531725
0.3142751687857476	0.1269099990426621
0.38378057560973533	0.1213342164512957
0.38393610232675046	0.11218497445712587
0.31107135619618814	0.12654919626791053
0.3603274268297535	0.11772972854472846
0.3066987677160828	0.12605488158212208
0.36411432215592954	0.1182856909586431
0.3008022217242522	0.12538230385692964
0.4030419461854125	0.11531351780168908
0.3583834305349866	0.11744708811006692
0.30268189930947365	0.10966028513217754
0.32471984547933697	0.1280865958931662
0.311471605757997	0.12659431803838164
0.42960539186442726	0.11291561914634533
0.33517304452279323	0.12928466297751798
0.40523489623244596	0.11569205558359064
0.36228362262051356	0.11801598976272959
0.41600118836957783	0.11763264585876748
0.3720256858893236	0.1194744872347524
0.3790188088306431	0.12056445106613943
0.38003639177405296	0.12072683719673587
0.3193846639781554	0.1274847372516086
0.2990089727652887	0.12517589499137138
0.30827805350772	0.1262337521784784
0.3713787623082568	0.11937568785196065
0.371045492816955	0.11932491072081572
0.33752046494090315	0.1295598377501684
0.2976882244783729	0.12502320581659107
0.37650847463720943	0.12016822595227689
0.2951231079007712	0.12472487509747694
0.3107907928530517	0.12651755708693935
0.3640535010215086	0.11827670135404757
0.30156041712402926	0.12546928324040632
0.2986676474820211	0.12513649132892896
0.43907946548560356	0.12272613200829989
0.3137848049118835	0.1268548216800545
0.2994980854918352	0.12523229346620265
0.3199850133675544	0.12755231575045867
0.47344841056736814	0.11570458160404364
0.3733138774359317	0.11967216874243303
0.325382487528268	0.12816163458989613
0.4134584000731499	0.11716026381974139
0.3155936575326037	0.12705831285192104
0.35590814307736157	0.11708964177009025
0.3723183722310974	0.11951928989901726
0.3171667242280522	0.12723522526027076
0.4188684011700872	0.11817796910408032
0.3069585713203688	0.12608433742570485
0.32524203004954044	0.1281457219738871
0.30828463064946	0.12623449622685462
0.31652182664246087	0.12716269841968886
0.37732616011605585	0.12029663107949969
0.3738898684054091	0.11976097974472057
0.3459828729389762	0.11567900516941514
0.32576039467021317	0.12820446766623722
0.3713308286305103	0.11936837965306325
0.46046162304542115	0.11948555226533498
0.3824471756164955	0.12111602830158934
0.31084379535388257	0.12652353485243936
0.3246692792286341	0.12808087303183313
0.3740266967825246	0.11978211636835191
0.3131728202704389	0.12678594052051684
0.3208067945686434	0.12764486313457682
0.3212388962380744	0.1276935493144104
0.4046589748814596	0.11559216703844548
0.406844986851317	0.11597318800820747
0.314565254411433	0.12694263521582383
0.30485301005485493	0.12584522933969436
0.3175605421883162	0.12727951741414462
0.2982627640861808	0.12508969994985106
0.2953869906540189	0.12475568049787156
0.3087958362080953	0.1262923064170489
0.31206508761782475	0.1266611947971149
0.31838337220968116	0.12737207216141325
0.32007572236968374	0.12756252859506703
0.42084988801846973	0.11856371124381013
0.4559886147782867	0.11836994438119226
0.37701283119251455	0.12024735474997189
0.41438980969760236	0.11733215312282184
0.2922484715130193	0.12438744031962626
0.36136894981099754	0.11788190102559529
0.40898416288770595	0.11635120215758299
0.32227129501328444	0.1278099517233012
0.3347514408137895	0.12923554959245875
0.31084379535388257	0.12652353485243936
0.310781959888298	0.12651656085071974
0.31457641638195993	0.12694389092799968
0.44205048511814865	0.11531769398544292
0.416011800948557	0.11763463852401655
0.38478689738541744	0.11231899994850092
0.4048750297360959	0.11562959935787143
0.3480685935931045	0.11597286529007834
0.36944961443083835	0.11908285972481557
0.2927468457849573	0.12444619352017693
0.31120177368990554	0.12656390058543546
0.38235142871259814	0.12110044437595473
0.3264915214925527	0.11297078524922245
0.3346260089268467	0.12922095454913438
0.38447521090492587	0.12144877388188413
0.3185775283482006	0.12739391488350912
0.3809650395001572	0.1208759866249043
0.4213084666242574	0.11865412071462378
0.3190860087516556	0.12745112734453234
0.3246003371769528	0.12807307121799047
0.32703774174937905	0.12834947190596438
0.37785350490471104	0.12037977320657352
0.31381821686906114	0.12685858169320408
0.30905062276832285	0.12632110444805117
0.29805198774936925	0.125065319046716
0.3156115697238143	0.1270603274276003
0.31627048329329016	0.12713443201780497
0.36702565384594643	0.11871850071231477
0.30162277932820675	0.12547643005637069
0.314223871113181	0.12690422740362214
0.3088002274970688	0.12629280283733096
0.31879664866102114	0.1274185680325148
0.3071377089507044	0.1261046403322623
0.31030090235147717	0.12646229063134842
0.3605554140883544	0.11776299317803668
0.37118291494701383	0.11934583862275384
0.40844594565372405	0.11625559128063441
0.3647822421650589	0.11838454908170161
0.3192850837040999	0.12747353017467392
0.37382042936198917	0.11975025892915293
0.389477586089785	0.11306565449216699
0.31864076538859754	0.12740102944082843
0.41849663512130036	0.118106439911546
0.36784281718382955	0.11884090749955946
0.3304144219299539	0.12873482029829172
0.40306800282712035	0.11531798726961393
0.41716314790649395	0.11785192581360066
0.3686914021730182	0.11896847486616517
0.3617806675149595	0.1179422047924833
0.38590570838807375	0.1216867414820883
0.3272576552424562	0.1283744742922445
0.310905641817112	0.12653050966947876
0.3711954114541054	0.11934774238687741
0.3723664879066629	0.1195266613815233
0.35458992072494855	0.11690031581600872
0.304557905298239	0.12581164234031256
0.3157101032634161	0.12707140934672853
0.34573085414923516	0.11564357611021595
0.3578758513978451	0.117373575051729
0.31322396321299045	0.126791697740124
0.3275472294866308	0.12840741464528285
0.3726490855755842	0.1195699920561733
0.4050063766798973	0.11565237942706426
0.30889904617728875	0.12630397319314815
0.3171397359008847	0.12723219001082514
0.37866694123856154	0.12050854572789581
0.3930898928537678	0.11365037651398256
0.3759647967612857	0.12008318531714496
0.3756827927354334	0.12003917818994457
0.4095669563838829	0.11645512571672324
0.31563396125976056	0.12706284578485175
0.3714121126683113	0.1193807736031035
0.3301177469128348	0.1287008273069997
0.31247979677651	0.1267079078843769
0.31891869306344306	0.1274323001740173
0.3731690300948434	0.1196498765901964
0.3063039770017966	0.12601009679328587
0.31039794293590534	0.12647324040139404
0.4103104936669811	0.11658832207071675
0.37134124824644743	0.1193699681344571
0.3078179629032129	0.12618168637896424
0.2944843026986495	0.1246501869841995
0.3225955508540387	0.12784653731142137
0.31169736384363705	0.12661976158485425
0.37364375940491906	0.11972300009530297
0.2925017550873216	0.1244173135467288
0.3991797782541248	0.11465810044552137
0.282408790941091	0.12320202001987766
0.36935032320739847	0.11906785846000777
0.37225562602107637	0.11950967961805577
0.32109556076776724	0.12767739729919927
0.36851816754663363	0.118942394324493
0.3170947600094086	0.1272271318055911
0.315217714385039	0.12701602915054283
0.2962222039702263	0.12485300458121004
0.3737552157040092	0.11974019402799284
0.3176708911932574	0.1272919287537302
0.3182457225291002	0.12735658735039695
0.30729070452921564	0.12612197579098108
0.41745995411066966	0.11790830401390462
0.3744966742799363	0.11985483311539284
0.3052113795900508	0.1258859907669586
0.3065962097921628	0.1260432503518428
0.3213868441529142	0.12771022324654052
0.30749407448119853	0.12614501259043115
0.37549425583002527	0.12000979549717244
0.3044234556969971	0.12579633357334186
0.3860042904667457	0.11251150020320708
0.379059605530785	0.12057094096555636
0.4177486097583606	0.11796328113327635
0.3791197389481596	0.12058051000155505
0.31781281996702865	0.12730789240892645
0.3680403015221123	0.11887055341994268
0.3127217538947739	0.1267351556503247
0.375142971245742	0.11995513116074924
0.3112194611837546	0.1265658946782234
0.30742627125435357	0.1261373329638722
0.3082429775221724	0.1262297840419447
0.3128794495383264	0.1267529120074795
0.3737678364207603	0.11974214160770284
0.36621509834851174	0.11859749438694216
0.3145808812704301	0.12694439322279216
0.3191199339179404	0.12745494494720355
0.3117947949392687	0.12663074082642084
0.31375139616271513	0.12685106196716067
0.3118878228132718	0.12664122305707784
0.4031381698301442	0.11533002624921508
0.33119588634407293	0.1288245032323426
0.3768467307440334	0.12022126946049855
0.3026889796843466	0.12559845331312885
0.30668130890635675	0.12605290169592076
0.3249198845717697	0.12810923997620802
0.31579522287495465	0.1270809824937819
0.3588860052630126	0.11751999032013087
0.3113145468777651	0.12657661410993243
0.31971529411853855	0.12752195176902387
0.3051157781127298	0.12587511967205695
0.31686322623476804	0.12720109274103394
0.3643719525372493	0.11832379270681412
0.3306131279554921	0.12875760440679793
0.3165802001889115	0.12716926317459137
0.4132340179562753	0.117119043934906
0.3801743925449031	0.12074894265378329
0.32908256988422324	0.12858243594386723
0.3161336672866502	0.1271190453997069
0.4164813934623563	0.11772299556439272
0.31453846714296996	0.12693962165103057
0.40870256978240904	0.1163011358218297
0.3709997015004823	0.11931794024323102
0.31538102072946766	0.1270343972036129
0.3682379340082776	0.11890024682286521
0.3147416554242307	0.12696247962811574
0.3786497894312825	0.12050582377897524
0.37798176958248747	0.12040003569080217
0.31189003806590865	0.1266414726584864
0.32277379246522164	0.12786665399949246
0.3253617606983543	0.12815928617700043
0.3724376317301889	0.1195375640913499
0.3153295597745145	0.12702860914837977
0.37319631399191106	0.1196540743434432
0.34828263644650354	0.11600309040223784
0.36679820187904083	0.11868450408738046
0.37542438397532896	0.11999891408811199
0.37605391499399543	0.12009710690641517
0.31877857165392126	0.12741653411205187
0.33971870984725877	0.12982056322131325
0.3078989822504085	0.12619085739736727
0.37875271764962687	0.12052216262021764
0.5059705562477101	0.12678092144833455
0.3007314274726434	0.12537417387401043
0.31109345741422517	0.12655168826372917
0.41737450052009173	0.11789205652030926
0.3162368350235277	0.12713064787266204
0.319334870272743	0.12747913323886664
0.3687656805265246	0.11897966358479825
0.3750414841879513	0.1199393581589338
0.31879890835303293	0.1274188222810952
0.3148913314637438	0.12697931671474236
0.30145292256318174	0.12545696160544642
0.4072589749043609	0.11604593345927934
0.37520430571425606	0.1199646679514723
0.32113423275843184	0.12768175492334874
0.36226751337301527	0.11801362445881193
0.3175245174436621	0.12727546564260214
0.2944990470633361	0.12465191272580393
0.4175390287687253	0.11792334999130163
0.3722995467795925	0.11951640625691462
0.3739130188927168	0.11976455485734629
0.3202367892410214	0.12758066449019312
0.3140142983333147	0.1268806465262074
0.31155569458635185	0.12660379565556382
0.37028473295328834	0.11920930089215974
0.3134041351926468	0.12681197856115636
0.32973268708675585	0.12865674975316363
0.3172184577102146	0.12724104350765808
0.3152781064298692	0.1270228218858973
0.32074770670580594	0.1276382068818327
0.28485390519940307	0.1235015229981689
