mu	sd
0.9479322512498257	0.12044676339631938
1.0191039014249046	0.11894240486590114
0.9781634163714953	0.1214013126806469
1.0480878870102217	0.11499953174528743
0.9901949019963349	0.11950349953533565
1.0711009490479546	0.11709028735315245
0.9791251319348167	0.11898808779231382
0.9903871885887755	0.11951316878183958
0.9342351865562526	0.12296546356888029
0.9918241332594129	0.12203758124788619
0.9764683798150673	0.1188762298184791
1.007824829537396	0.11820608794231152
0.9944583361731407	0.11972375330344158
0.9930291580276018	0.11964854660887658
1.084353550801746	0.11651241054114457
1.052951689739634	0.11738113832543437
1.0038178851311055	0.11796535426330301
0.9912726790370536	0.11955801719059411
1.058357098381069	0.11401304469405137
1.0180622345530677	0.11470035969851006
1.059806107865946	0.12012953130838552
0.9544035188714721	0.12329667944055184
1.012256142085689	0.11634078440164579
0.9331457969789303	0.12295548080184678
0.9448935891683533	0.1231055628480647
0.9645161723587456	0.12089548438175915
0.9757688867235607	0.11884752701166075
1.0473428682380972	0.1168937222779239
1.0004043881671372	0.1156363071769316
1.0334728285272485	0.11386007529201755
1.042712064747649	0.1165083476786219
1.004521854732473	0.11587119824547584
1.0336185143966563	0.1138707610625351
0.9391824325154122	0.12302087363925177
1.0927806798558162	0.11207679901915855
0.9532068072986165	0.12057025178203051
0.9516717565174708	0.12323530373604712
0.9921752187604461	0.11960427341178849
0.9607505377171132	0.1183048366722259
1.0954263121585968	0.11583537969239578
0.9142094796149832	0.12290760814159458
1.027966472693212	0.11741384791974993
0.988843323786063	0.11943623405341919
1.0172002219535363	0.11881191998291199
1.0479418887536593	0.11694468829579159
1.0718311374736353	0.11716301494526854
1.0364783365851415	0.11806572073799891
0.9861110684804827	0.1217552332187201
0.9683655150016882	0.12102539327128363
1.0671326039101163	0.11871933363165789
0.9841186578266159	0.11921063631425984
0.9778401145068422	0.11893342114801267
1.052102166835575	0.11940090273737045
0.9716327875607862	0.12114346842483685
1.033535863707784	0.11783455702439696
1.0099997010938844	0.11834126043074375
0.9804512508870863	0.11676662480828114
0.993783886819527	0.11968808867799023
1.0051762672199307	0.11804576751348
1.0056649301333533	0.12036260371398565
1.0282879628921806	0.11960860518738843
1.0420100201316715	0.11851737380032891
1.0382625426259995	0.11615218753579977
1.0886773620825603	0.11895921056479734
0.9563868952746569	0.12065330014287579
0.9343422997865659	0.12296648819512819
1.0149345394068636	0.11651223454634448
1.0107206047248876	0.11838677375591307
1.0168870296652224	0.11879069793371638
1.0046126359784855	0.11801225347554427
1.105117340716432	0.11694157910364265
1.0039128780802942	0.11797093794921092
0.987086413185274	0.11935061817883733
1.0675527996560437	0.11674269797672451
0.9659092101419848	0.123613601543474
1.0091300132268357	0.11828682379001938
0.9576181821021292	0.12068720858677412
0.9964608925429689	0.12228435111806571
1.0465105233746044	0.1168233318452582
1.0912084341094361	0.11725591114312046
0.9651591310962028	0.12091649571836484
0.983839138658713	0.12164949398568199
1.0158629270566601	0.11872178537869202
1.0268775148994522	0.1153015854461925
1.0139891240186114	0.11859759310611749
0.9267857453245083	0.1229130376896539
1.0918934376688998	0.11367217260442262
0.9635721619627262	0.1208651318638279
1.0275806800188048	0.11163463472647597
0.9691786215932734	0.12105410410924161
0.9990105406468727	0.11997265429824125
0.9370405317509876	0.12299485082166439
0.9747830832244138	0.12126418759055632
1.0630584688530944	0.11631601341822884
1.0344370153001783	0.12008968696736373
0.9315464095873814	0.11763262030096876
1.0065043337466943	0.11812557084178378
0.9740939856833821	0.12123720108027225
1.0051000599142657	0.11804122383388777
0.950198639782527	0.12320438334979378
0.9964367636187973	0.11983016987693659
1.0714073580627903	0.11712075595293671
1.0233848046473712	0.11708387450653324
1.051849242695975	0.11728351589189488
1.030618947082029	0.11761149736283663
0.9911400637275872	0.12200252031382945
0.9628317825724076	0.12084173925601288
0.9860937903096092	0.11489835613792998
1.05870817162777	0.11790565056417734
1.0227229352309015	0.11919759761275031
0.9877737934361871	0.12183496560238817
0.9707421632995569	0.11865033970451194
1.0429846039661068	0.11859929863085109
0.9550564183731176	0.12061776230529139
0.9792975840908709	0.12144909797085011
0.9922696229038731	0.11520214968865788
0.9983608882971818	0.11993625545660125
0.9939540170622289	0.11741748971707287
0.9577353975270654	0.12069048784035925
0.9926077965127439	0.11962663894136331
0.977994871781271	0.12139428799151078
1.0389460771836363	0.11826442509289443
1.0765483712005333	0.11764287126799199
1.0544002133607915	0.11751077685386266
0.9524864934931634	0.12055234292992488
0.9630644812922398	0.12084905244714546
1.0442261275459803	0.1166326790214278
0.9918240324861157	0.11958620926178155
1.0124148112489733	0.12079072256245073
0.9948998536287841	0.11746731882331228
0.9981732044042134	0.11992579458127312
1.0412501497307671	0.11638981943248973
1.0004971745203104	0.12005705724378002
1.0003871816157646	0.12005075938365807
1.0234497912648948	0.11708845492068852
1.002819753587245	0.11790704359241785
1.0517383877416797	0.11727374924739287
1.006722235029914	0.11813877686982602
0.9365492083154168	0.12298932006686009
1.051512821652433	0.11725390414445334
1.0183995109162134	0.11674093025192789
0.98031149750125	0.11903949901087207
1.0524233204665878	0.119430320596543
1.0040915183961343	0.11798145456581365
1.0068599112995988	0.11814713719008857
1.0748083601478193	0.11746383624001483
1.027777440383912	0.11956994689546603
0.9637172947040158	0.12086975988046252
1.0181567942406042	0.1147065523397156
1.0379380764177477	0.11818272272434227
0.9834771015571091	0.12428574621502042
1.0153985871859612	0.11869078168426485
0.987514543659767	0.11937129225861344
1.033273366328163	0.11781423650409334
1.0546754454760299	0.11753558627858592
1.0359259296920107	0.11802184752419245
1.0840148739748219	0.11287622123179046
0.9835538754605466	0.12163647755288153
0.9765897943650899	0.12133649433453826
0.9707890371880243	0.12111228457482101
1.0550906818928452	0.11757312308965129
1.0036469878555678	0.1202410299277903
1.0789332970833703	0.11595047970734057
0.9644923755894673	0.11842708302294346
1.0453492431636235	0.11880105175404425
1.0888559092073027	0.11897950679736613
1.0292451395282665	0.111748748716933
0.9700056380077322	0.11862277564922688
1.0294279139244364	0.11969562932924985
0.9972359048278131	0.11987391874764493
1.0161128637422225	0.11873853594100503
0.9645981122409367	0.12357266068804502
1.065244715752424	0.11853211229478117
0.956893907722273	0.12335723025253924
1.0223342450535708	0.11916973747452493
1.0306843971572786	0.11979268168055453
0.9997826850415724	0.1200162992790041
0.9906411222241319	0.11952597606384067
0.9984352005437911	0.11994040414615612
1.0528881497359712	0.11737548739887246
1.069922211917722	0.11697374912341395
1.052258872317348	0.12165300986833952
0.9476196098854623	0.1204399975515772
0.9727145127127843	0.12118415567444743
1.0450068008308628	0.1166974167829052
0.9490721028296596	0.11797701073842144
1.0258723375313137	0.11523055456361245
0.9579982067632036	0.12338549173854034
1.0411458099904498	0.11844532171234118
0.9474726635898143	0.12315116366306793
0.9957867484789062	0.11979490987289008
0.9658711406035649	0.11847427211113637
1.098946339122107	0.11622851726628508
1.0429645256048794	0.11859760362096904
1.0153942728931744	0.12099041493920773
0.9573913778236742	0.12068088876935987
0.9874113000691439	0.11936629557943466
1.0257461429391208	0.11725214649651694
1.0408741474561694	0.11842278729039002
0.9997395367138705	0.1200138493463139
0.9817160354606239	0.11910153898029792
0.9610283384578959	0.12346752338158419
1.0345483017609316	0.11791339317066976
1.0733286766548664	0.11539270981575986
0.9692774818477243	0.11859585592984032
0.9623819059406072	0.12082770196807935
0.9542211557637768	0.12059603492703172
1.0697069689982481	0.11504450735080816
1.0375775781326073	0.11815368348633254
1.0374271391757144	0.11814159321843334
0.9681593882872395	0.11855515929265201
0.9497328808683871	0.12048693294782535
0.9555231751896256	0.12332335797742747
1.031272022858009	0.11561977804602731
0.9847197005379676	0.12169003909354398
0.9305376362814496	0.1229348131375777
1.0451189760356545	0.11878121865995259
1.013888068395284	0.118590964698558
1.0149308519257427	0.11865970345948558
0.9946911245535199	0.11973613523295917
1.0343507320451542	0.11585023219962438
0.9533719960209499	0.1205744056317183
0.9866662842008748	0.11933044859962602
1.0261056634911552	0.11944471114711797
1.0311484241825122	0.11765154052788149
1.0088148835695259	0.1182672252448432
0.9801192359831852	0.11903110580137823
0.9613538186860877	0.1207961234390186
1.0060497565090654	0.11809812304901574
1.0024370176900896	0.11788485797012402
1.0478243583751476	0.11693466819624637
0.9528315405551139	0.12056088025075878
0.9904549508116386	0.11723804053482954
1.095137346375115	0.11070657846081142
0.9985995114497296	0.11994959091034797
1.0407064520348706	0.11840890433448763
1.0162222568417458	0.11874588114889745
0.9862960986473092	0.11931277351111931
0.9479561200107313	0.12316022482280496
1.0057253386552287	0.11807861868433144
0.9753466426121639	0.11883035098905304
0.9961836581445986	0.11981640559177864
0.991577195884426	0.11957356251089331
1.1069410329787848	0.11192408850599286
1.028918433139861	0.11748421958045144
0.9838907960283662	0.11920012794803923
0.9384357000222922	0.12301144763840327
1.0194925958249408	0.11681470977571151
0.9696971173123539	0.11632643233962042
1.0672690303043744	0.11873297405872817
1.1764396659819776	0.11933434612020376
0.9822494002464621	0.11912543316317813
1.035055731952588	0.11215959188315049
0.9860832037280576	0.12175391397185435
1.0044138836148184	0.11197961569771694
1.0579402596741836	0.11584813108945714
1.0367449165794094	0.11603381435533679
1.0126327176485475	0.12080510225170715
0.9640305991201197	0.12087979812558655
1.035862962064356	0.11596573926220885
0.9472583387423376	0.1231471986231934
0.9683809184595157	0.12102593303455585
0.9541514741134268	0.12329079622057351
0.9918241332594129	0.12203758124788619
1.0046126359784855	0.11801225347554427
1.0577168746045944	0.11781353896963088
0.9836782169357798	0.11919035501119767
1.080999678985618	0.11258293504138284
1.0375906184760044	0.1141672264321971
0.9572340922893797	0.12336584364332256
1.0483760653546783	0.11906553480617
0.9491233154234294	0.12318277104572137
0.9730755602620377	0.1211979134524962
0.9949783859452941	0.11975146569996167
0.987949356955674	0.11498733270186455
0.9800174792238862	0.11902667323781561
0.961781230290747	0.11833766458517762
1.0081231469359908	0.11608518839035295
0.9829386761382543	0.11915658597969181
0.9913112149802642	0.11955998095829402
0.944862528713261	0.12310504168972372
1.031655103753967	0.11564811219224364
0.9724584291357035	0.12117445149705316
0.971869112883831	0.12115228938361898
1.012293799234592	0.12078275221228442
0.9821665805314818	0.11684314784848653
1.0212810546575974	0.11909479673629286
1.084396644056706	0.11848071214779564
1.0043132710353884	0.11585904990676846
1.012863294055756	0.11852414709376584
1.024379830731584	0.1171543194781884
1.0299658479246607	0.1175623759784124
0.9901718326592611	0.11950234114829462
0.995144196962172	0.1133553005396356
1.0337593191897434	0.11785189394887075
1.0430058896613825	0.11653235015596843
1.0236019612338012	0.12157551273222165
0.9868157411979087	0.11705947939073925
0.9845404714778768	0.11923017897416996
1.0670251545020795	0.11870860100942239
1.1128653736983327	0.11986288125045978
1.018667459527993	0.1189122627170377
1.0177841564778467	0.1188516722743917
0.9837237621366421	0.1191924463812273
0.9951981426090862	0.11748315095234727
0.9936057418774302	0.11967872026112746
0.992698264966157	0.1173522056117776
1.0887802123398385	0.11698826166656574
1.0602083989085143	0.11804648720662886
1.0283523264709473	0.11961349280111938
0.9598987262375254	0.12343617193996362
0.992768767896972	0.11735584464158277
1.0914650826831127	0.1154044740850137
1.0686674481982639	0.1168508612369268
1.02640789861267	0.11729998611702692
0.9530491678620086	0.12056630407016929
0.9860653452299365	0.12440470296230037
1.0058715921518995	0.12037521934010094
1.0082044742964549	0.1182294534685247
0.9516328808928851	0.11804202577985602
1.02566542011068	0.11724633140052902
1.0107357413890399	0.1206811022925678
1.0033546027882845	0.11793820781625541
1.0090569754952023	0.11828227544725507
0.9787321589474361	0.12142516304777864
0.9941364981336562	0.11970669588229882
1.008680614536757	0.1161190353151822
1.0375419426002976	0.11815081808784561
1.0731682093772095	0.1153770810156386
1.045652441594561	0.11882722817482677
0.9966120695151937	0.11983972919703564
0.9751883847223092	0.12128021247165732
1.0743872853027254	0.11549628483921029
0.9435980072807741	0.12308438897274362
0.9852002860370105	0.12171240083715812
1.0265913254334804	0.12180169307733452
0.9551227691467185	0.11813680518806882
0.9996846264321638	0.12001073346283349
1.0358155416613186	0.11801310676010061
1.0139240035240633	0.11644700600224117
1.1204765908156824	0.11885480043538334
0.975141603697047	0.12127835706471092
0.9837717705626606	0.12164641479019783
1.0064928681797851	0.1181248768438178
1.0187736421777722	0.11676609408104086
0.9858285113084314	0.12174188147087643
1.0379743902152032	0.1203796216601813
1.0209055581066762	0.11906827117821654
1.0498006206077863	0.119192466141905
1.0146738135568039	0.11864268968746174
0.9978424434207446	0.11762597880473563
0.9463316816368055	0.12313042198988176
0.9793329432563533	0.12145060217440275
0.9993396238971844	0.11999120456455921
1.068945986611016	0.1210582140805942
1.0189583707510474	0.11893233898134638
1.0328075667694387	0.11777829867221508
0.9768727846551155	0.11889296591609119
0.9682621194889961	0.1236902320245377
1.0262257061734812	0.11945363476944645
1.025603927627412	0.11724190460584082
0.9740893558925855	0.11877987492580915
0.9410918422422349	0.12031272611479644
1.0060624411465717	0.12038689699331034
0.9738994831538518	0.12122964291751209
0.9663934761480055	0.12095760406175823
0.9733785575589764	0.12120952795214154
1.0000220346380608	0.12002991306895916
1.0153656693714006	0.11654026419395716
0.9912225868527317	0.11955546602136435
0.9936715703858069	0.11968217957933149
1.0589082620824966	0.11593517359332797
0.9792003766515734	0.11899132163587957
0.9915785631771377	0.12202495540260118
1.0049823028739344	0.12278016942213213
1.029885453994808	0.1155180259764353
1.0924667942272346	0.1173964893648719
1.008350282288935	0.11823845313396321
1.0071430450679215	0.1181643702322964
0.937363142462841	0.12299857128292706
0.9687738485810874	0.12103975592386981
1.0412039526296648	0.11638609810919692
0.9380972308409883	0.12300729992827808
1.031551289610827	0.11986033780310149
0.9549828124694255	0.12331037164905746
0.999473055249723	0.11771628852453832
1.0195998688717391	0.1189768225755583
0.9401458650844061	0.12303359568540852
1.0120459798028592	0.11847137543888056
1.0260158599378113	0.12175759916187734
0.9617458036455803	0.12080808155510155
0.993133588658092	0.11965399487630515
1.0180960530742067	0.12117729027121264
1.0090723508622366	0.11828323263102643
1.0414488881000212	0.12067401228044024
0.9711952707026482	0.12112723808153834
0.9623971503548517	0.12082817544793063
0.9436251352452629	0.1230848204845376
1.0454624085830628	0.11881081360184458
1.0031933170191003	0.113793174337711
0.998928305969048	0.1199680305751901
0.9732701563298248	0.11874752294740618
1.0474211173089885	0.11690036524323788
0.9928511902201524	0.11523189276636066
1.0231517097685914	0.1192284579579282
1.158045762029997	0.12231517218357467
1.0014636801920211	0.1225686995019435
1.0090964885088478	0.12303969528796298
0.9797650575382643	0.11901570645368043
1.0571740317786986	0.1177634156833083
0.9692634680652169	0.12105712569936039
1.0178979013398481	0.11885944365726264
0.9794095482525677	0.11459392906805181
0.9235606807354493	0.12290177056920107
1.0058054672807533	0.11808342958594116
1.0636772934837504	0.1163738747196075
1.069176021010709	0.11690052490506819
0.9936986788537858	0.11968360500018659
0.9572617898945841	0.12336654857097198
1.0253062790579701	0.11938555822974901
0.976195206320703	0.11886498351629546
0.9881382835221955	0.11940163004945528
0.9563423075037683	0.1181716181211402
1.0108904004503	0.11839754512150116
1.0072119424513515	0.11816857182389465
0.9945747162479913	0.1197299388826535
0.9823629534740915	0.11913054409281591
1.0177314270503963	0.11669622444259749
1.0056490369722313	0.12036163479366693
0.9833822721776023	0.11917679867903298
0.9656533178230609	0.12093283214255683
0.9465339757229614	0.12041698162163328
1.0405308497044705	0.11839438917450923
0.9993808729132703	0.12244800867602415
1.0005718273969886	0.12006133648319131
1.012921455260936	0.11852791992467582
0.9934044398102503	0.11966816006103477
1.0276288266097413	0.11955872993021191
1.022532510926849	0.11918393490016606
1.0556103959186969	0.11762028698436029
0.9943574962524914	0.11971840117057556
0.9542892987416144	0.12329400775310487
0.9989088376439765	0.11768484596682272
0.9746560762830795	0.11880250335650405
1.0218624315756273	0.11697738806004665
1.033749712711909	0.1158047497398896
0.9813456527651226	0.11908505482073148
0.9896320308357595	0.11719694717118428
1.0052471530338225	0.1159136496441866
0.9858921724168441	0.12174488466708427
1.048330000714793	0.11697784764003093
1.0316242920156442	0.11986606129266848
0.9971032710455264	0.1198666271722618
0.9935425530030099	0.12212717592129704
0.9908098698552575	0.1151283602380013
0.9844617214819626	0.12167810330790936
0.9739000989535533	0.12389052009685175
0.9618395573284678	0.11833954147157015
1.004818427731986	0.11588851735687088
1.0135503263919223	0.11642305237659416
0.958077443395395	0.12338755304998998
1.0169653062045936	0.11879599551527907
0.9754145500138958	0.12128920378841851
0.9852600309605192	0.11698562892245734
0.9931362919238467	0.11737486507316228
1.00436151215711	0.11799738921499542
1.0994150931750908	0.11819627881272067
0.9995434582250378	0.12000273256065921
1.0080756080892774	0.1140767016163927
0.9761026703795281	0.12397522837332464
0.9982739661479931	0.11764971159331993
1.0000063358152878	0.12002901891688214
0.9876063336717928	0.11937574056266838
1.045717155663946	0.11883282430999735
1.0281713300524609	0.1195997562580656
1.0772247481279815	0.11771311446385573
0.9704526680971531	0.12109998744940655
1.0020546002076614	0.1178627867355051
1.041485659493335	0.11847358961538658
1.089133567138508	0.11515643982746687
1.0448707474307513	0.11668610347821481
1.0230100124701793	0.12153156456027958
0.9483852852589703	0.1231684045744488
0.9987090840137892	0.11995572765769079
1.0116691046947646	0.12074178028222368
0.985661438896719	0.12173401369328353
1.0128830411524383	0.12082166480092407
1.0240786239600224	0.1216111025285659
0.9551681403979086	0.12331480224210437
1.0303933526408684	0.11759449598558813
1.0114813370141795	0.1184351860260228
1.007617886366448	0.11819339229916058
1.0375696588435233	0.11815304662838665
0.9935244367063334	0.11967445171246505
1.012390606157028	0.12078912744390555
1.0014683385489005	0.11782913642616479
0.9871437308262486	0.11935337895320487
0.979821559236296	0.11901815767762987
1.0205146090725727	0.11904076163120947
0.9483456159078729	0.12045580368103684
1.017474453927274	0.11883055880769755
0.991697489388021	0.11730088636204014
1.0533389317117128	0.11951464196952807
1.0337921007609143	0.1200378760768457
0.9610837665592145	0.1207879438030969
0.9883987252616392	0.11941437416696239
1.0267943884701938	0.11949605374484586
1.0764472005259893	0.11570018928758759
0.9755595912971717	0.11883899918391713
1.0792956434714311	0.11598734656519998
0.9853813447190429	0.11926948517023865
0.9509857173628316	0.12322071475581926
1.0280901788851302	0.1174229571161443
0.943687146014855	0.1230858087614728
0.9861628213752301	0.12175768492036955
0.9479600202716915	0.12316029858374397
0.9841166299218289	0.12166221133683279
1.024440707261675	0.11932203722562787
0.9674958991742368	0.12099517887950544
0.9980858581551753	0.12237463175118445
0.9881262996567639	0.11712284221805935
0.9303054678630349	0.12293319378715421
0.96375167354081	0.12087085820059773
1.0023650534867223	0.11788069723486246
1.0651431212756162	0.11283127461291224
1.0425690998151989	0.11649669074499083
0.999920001745466	0.12002410470628234
0.9928244353739019	0.11735872014029677
1.0579543748788802	0.1178355391333157
1.0178429862286895	0.11885569055385484
0.9905256815575199	0.1195201483755389
1.039419980546076	0.12050093703799465
1.0333268957212434	0.11577289687995933
1.0389937642156768	0.1182683087843668
0.9720163829936187	0.12115780552910545
1.0139912994876694	0.11645132938629192
1.0872054734058554	0.11681720960913836
1.048627149313355	0.12131322857322165
1.040116066961901	0.11629889222953396
0.9423899501961452	0.12306568554044572
0.9813602458224889	0.12153831054999496
1.0337648215973767	0.11580589016497582
1.0499731553875757	0.11711944226520582
1.0201358545229717	0.11901421463488444
1.0999540688196	0.11826001457902423
1.0108764233677963	0.12069020682620793
1.0393794505424874	0.11829978106018026
0.9743469427421634	0.12124706953859272
0.9456005958632294	0.12311760569250103
1.021839581002976	0.11697580157764964
0.994132897693713	0.12215845907471312
1.034249794910738	0.11789007290049783
0.9997826850415724	0.1200162992790041
1.0300576824730339	0.11974412456958552
1.04596833879898	0.11677774624188539
1.0027459662193896	0.12018768577758028
1.0195919918168808	0.11897627457653144
1.0661049412017265	0.11861706594805112
0.9936483357688003	0.11968095825239143
1.03758945736832	0.11815463888333647
0.9745026670471246	0.12125316655492484
1.0032318233487172	0.12021637874322193
1.0414322476489108	0.12067257934796174
1.0065846008921948	0.11813043178322938
0.9900555528933469	0.1219476379334508
1.0551286518305294	0.11559908290491443
0.9735884231197472	0.12121760933190287
0.9951686944361594	0.11976165316125276
1.0124470867974615	0.12079285020316467
0.9852599861945851	0.11485901139034417
1.0043318455615158	0.12028196331998998
1.0207214237940185	0.11689859616659654
1.0031883517244629	0.12021380462997183
1.009387475727109	0.12059458544369045
0.9358665083064288	0.12298190600203913
1.057688707031692	0.1178109326009355
0.9494044402169599	0.12047945286072888
1.0114959604682094	0.1207304754787064
0.9970798689429187	0.1198653418992676
1.0312579585077504	0.11017696854762164
1.078189915863084	0.11587515400291025
1.0507263972387888	0.11718500747538066
0.9806310888075069	0.12150643231016298
0.976442179013009	0.1188751490992308
0.9761756283732913	0.12131971988994827
0.940323278524191	0.12303600738838273
0.9767070691524238	0.12134126572562803
0.9424402441024607	0.12306644422054429
1.053221857689759	0.11740519913258225
0.9733073657530609	0.11874898327833246
1.0225682088329338	0.11918649418035841
1.005740600155354	0.11807953465114807
0.9997160029446158	0.12001251366430117
0.9455461847314852	0.12311666661505533
1.0342981466258958	0.12007850346536143
0.9908207270178647	0.11725644104065373
0.9823515970223312	0.11913003257169158
1.028712446536665	0.11543292447108718
1.1035729821577889	0.11869443165339377
0.9756492792925198	0.11884265015815859
0.9600237633156933	0.12075629953422147
1.0062674379866963	0.11811124964424768
0.9605507817843412	0.12345415714143626
0.9817153397251636	0.12155397058222416
0.9812261621958202	0.12153242042825435
1.0848876809131776	0.11853481607604012
0.9545445922905909	0.12060439510945298
1.0476677084597383	0.11692132839938235
0.9666084160549133	0.1209648662586024
1.0576283553857726	0.11780535024995886
1.0401798857372084	0.11836544727701098
1.0167817339412042	0.12108568862356332
1.0316473947351865	0.11768945718745183
0.976363135708126	0.12132729956944034
1.0183374779437666	0.1188895628580211
0.9850311282439549	0.1192530580114118
0.9788725747651711	0.12408697349689778
0.9962264819069679	0.11981873131332163
1.0151022959279836	0.11867107718461457
1.0210333533731215	0.12138680193608578
0.9741718061191534	0.12124023236588492
1.0210794304054889	0.11908054113993718
0.9814233559347793	0.12154108728017164
1.0183688936978148	0.11889172066269771
0.986822836545957	0.11933795071154839
1.0457454715833663	0.11883527392972716
1.0447114325066436	0.11667287254750412
0.9864601201319155	0.11491576681495261
0.9933270382772186	0.11966410696136788
0.9567869795518235	0.12066421034591873
0.9669732311504637	0.12097726298206465
0.9733223614691706	0.12386890556454855
1.0194069233749015	0.11896341227639931
1.0243783623991718	0.11512617273169515
1.0193487076140593	0.11680495269583853
0.9584505247969559	0.12071068787210834
1.0168244187568845	0.11878646366965168
1.0363362146748185	0.11805441203131915
0.9546651771945838	0.11812396962845581
0.956737898511135	0.12066286634174643
0.9026146859627271	0.1229931049856087
0.9949900353112954	0.11975208859220357
0.9740667511545527	0.12123614121363294
0.9866624664616138	0.1193302658531579
0.9779008235907478	0.12139037679296039
1.0016989719755514	0.11784234754461106
1.0282501481017143	0.1153996298760067
1.0109608541892061	0.12069567796162693
0.9697496539531105	0.12107453360620488
1.016280871771065	0.11874982030428889
0.9384280057794958	0.12301135248655432
1.0367745898418956	0.1180893408438012
1.0115684311090154	0.120735204475143
1.0187131542282013	0.11676201944808505
0.924285485617529	0.12290370530793464
1.0564755729767359	0.11769925303737494
1.030355169600593	0.11011529059547823
0.9280717428532711	0.11099135903790433
1.0943150618431787	0.11392564789082467
0.9292905461764922	0.11760076836835197
0.9719504941469888	0.1211553357734934
1.0078209963864424	0.11820585252271616
1.0214893613980318	0.11695153008345134
1.0083579577139294	0.11823892727911384
0.9860691431822298	0.11489718746123104
0.9388744076704812	0.12301693950681608
0.9892345937715036	0.11945558107424152
1.0240578879594802	0.12160955055036027
1.0528365315865538	0.1173708989445856
1.0043833504796775	0.12028505527692239
0.974923345623415	0.12126972052243934
1.0061101660218374	0.12038982128367852
0.9592461060614894	0.12073355167523397
1.0048511237972473	0.12031322371363196
0.9940163487920627	0.11970034610344814
1.0329132045452025	0.11778643541360913
1.0137676097586243	0.11858307285822979
0.9902525800751122	0.11950639730449171
1.0914481340496927	0.11728259004603946
1.0017403356660017	0.12012882885099216
1.021162440385058	0.11908640671849607
0.9781673366487541	0.12140147630727266
1.1020454194389584	0.11476352690169977
1.0191178312007638	0.11678932554877826
0.9508052195452608	0.12051183168061878
0.982003892636922	0.1242203682707837
1.0443685571000383	0.11871686447466571
1.0253022172033144	0.11519055369228495
1.0604759498228615	0.11807178664179335
1.0883120774113393	0.11891777213217872
1.0608638325129454	0.11611306931703426
1.01380439194793	0.11643932883189784
0.9802670219794649	0.12414544591632944
1.0034762372789485	0.11581056809320135
0.9672348731951089	0.11852209119560633
0.9571707880968108	0.12336423455108093
0.9743508353068286	0.12124722173986523
1.0150555317136172	0.11866797277973085
1.0952363796169344	0.11581444253107963
1.0744663165308632	0.11742892342873858
1.091109300361171	0.11724489105294962
0.977069943945949	0.11662091274187415
0.9598415449441122	0.11827641533835125
1.0364367688485532	0.11600996981707073
0.9953823962432392	0.1197731225120334
1.0011849305752716	0.11781294982712578
0.9653123219875924	0.12092154239674598
1.0501189519902068	0.11713210066655484
0.9926946864575504	0.12208269769731472
0.9351308207605686	0.12297426878830055
0.9396305925497703	0.12028786759034862
0.9705338420583688	0.12110294802606933
1.0019599914441062	0.11785734116474522
1.0196944050147667	0.1189834028163992
0.9947887841540766	0.12219351884040083
1.0544281259808583	0.11751329031506894
0.9771646861113205	0.12135997523933112
1.0005403931442438	0.12005953413700265
0.987079327065443	0.12180142173601832
1.0362509202637507	0.12023713966710702
1.024074476675895	0.12161079209943353
1.0302922651280007	0.1175868893506687
1.0450099513663365	0.11877184236885494
0.9567681017613534	0.12066369322383193
0.9932844727185611	0.11966187977088232
1.0239835786692015	0.11509882623211978
0.9520170097236935	0.12324277066945823
1.072746058226652	0.11929314330062016
0.9585253209849982	0.12339928880490629
0.9811236509078993	0.12152792577924512
0.9517149031323321	0.1232362323086272
0.965726140848856	0.12093525321300247
1.0188128901423412	0.11892229160896392
1.0116398276828154	0.1184453220407421
1.0170866631995528	0.11880421721082786
1.0515248724673913	0.11528795337696747
1.0035520598586924	0.12023538256921562
1.0643588916518607	0.11454738910005656
0.939517559749838	0.12302522725725348
0.9710250033916067	0.12112095689371258
0.9707774348733137	0.12111185913590809
0.9661982860811609	0.12362279739703229
1.0423952952520823	0.11648253846713007
0.9906950760225576	0.11725011073289424
1.0027894262340578	0.11790528213289551
0.952001312410885	0.12324242936024896
0.9873665760402188	0.12181525412356022
0.9894188279964254	0.11946472629833524
1.0465523406526451	0.11487325238235967
1.0255731848295386	0.11723969242537534
0.9664970978124912	0.12096110128503908
0.9440201202327307	0.12036652678687124
1.031263466393323	0.11983781154924636
0.9748454175933373	0.1212666448246712
0.9699131792501111	0.11861933924568782
0.9641605553210617	0.12088398099011699
0.9519542227520381	0.12324140652089924
1.0158707353759426	0.11872230802439905
1.0207859982202059	0.11690303212899542
0.9672498780128439	0.12098672303292299
1.0143429033047888	0.11647396538264734
1.0351345531617466	0.11590991064575792
0.9926734893417185	0.11963004654925345
1.0103822254416839	0.12065828817705149
0.9629881764429573	0.1208466504196825
1.0799192363296581	0.11799658543544857
1.0670107494757333	0.11669043729927205
0.9540407063134877	0.12059139989231217
1.0196782080379778	0.11682731641180333
1.0022400897871866	0.11787348030635188
0.9468260000127101	0.12313929728927057
0.9744948797732974	0.12125286126713401
1.0145725979984612	0.11863600268564135
1.002256679184352	0.12015895961612545
0.9883212635046553	0.12186165497666648
0.9506410098525351	0.12321350889903147
1.0015276599386487	0.12011647315342544
0.9629500277467471	0.12084545096496431
0.9671230648701293	0.1209823802471843
1.0888261444005713	0.11897612140309881
1.0604718945155571	0.11807140276067582
0.9717722460387567	0.12114866918718255
0.9699388401103862	0.12108135055763279
0.9895455289038395	0.11947102880204452
0.9390536754018546	0.1177589189127044
0.98802725425998	0.11939621081957531
0.9490959663443601	0.12318223189713341
1.0235173125964585	0.11925487714070879
1.0331005703630243	0.1157558954653887
1.0475072101101044	0.11690767918275578
0.9533719960209499	0.1205744056317183
1.0123556820910078	0.11849131796968347
1.0103079650306288	0.11836067897863921
0.9638737505741426	0.11840628686755912
1.0618778113144383	0.11820525494552064
0.9830708735869363	0.12161457020762134
0.9419656709118941	0.12032822301694039
0.986971650959993	0.12179625195380687
0.947741640652257	0.12315618491145915
1.0535100446988295	0.1135991232888279
0.9729474194552774	0.12119302043479167
0.9554556360290969	0.1206283056857171
0.9540530461773103	0.12328851091140809
0.9503230045266413	0.12050054469607235
0.9948696721918248	0.11974565725339181
0.9960463787572668	0.12226163899134496
0.9869238023012669	0.12179395730833562
0.9875821205619711	0.12182567270164191
0.9787123849992782	0.12408035173863242
0.9920939999013259	0.1220515074158686
1.0282517628883903	0.11960585760704574
1.0107799508714774	0.120683961829596
0.9995277755033308	0.12000184458139544
0.9997042365051684	0.12001184599395674
1.0452522713769399	0.11879269456910183
1.0054240295077321	0.11806056641268851
0.9718729879104892	0.12115243433745265
0.9709533096442959	0.11865830398952831
1.0449704627593703	0.114744808166921
0.9900082622190202	0.11721568252024919
1.0100690417404414	0.11834562279005802
1.0240543812147307	0.11929386333257454
1.0036343543357547	0.12269802481875276
0.9607074201348118	0.12077662443098211
1.0128981898477123	0.1185264104520522
0.9768791185661522	0.12134828288625142
1.0641312595136152	0.1164165007169666
0.978634056370728	0.12142103300031519
0.9710092734175996	0.12378486944329997
0.9992965164869968	0.1199887703149216
0.9960260687171861	0.12226052946733082
1.019053510965969	0.1167849782311844
0.991026120895541	0.11954547644187595
0.9716391699076914	0.11868436589916015
1.1204370939976527	0.11884961652113607
1.1034440702949775	0.11867876202475973
1.0480828564506839	0.11903960514083901
0.9489943939240323	0.123180234104965
1.0354609330411364	0.11798508761038268
0.9926889477711456	0.1196308488320391
1.0143905121745451	0.11446411456103048
1.045527089863194	0.11881639751221586
1.0458163546736947	0.11676500536580332
1.042559169798627	0.11856344841049372
1.0023044607866018	0.11787719659521156
0.9735650072849925	0.1104802792518151
1.0486871054087645	0.11700845383517894
1.017094512415884	0.11665387705562605
1.0179057469347703	0.11885998002852802
1.0364585943444733	0.11806414896306132
1.0216785162982753	0.1130378469089458
1.0041751613256482	0.11798638590055464
1.028871633463937	0.1196530410720947
1.0617190608703753	0.118190063745074
0.9763560997536642	0.11887160161138821
1.0595496822049697	0.12010449734387064
1.1086649596932001	0.11376807773146357
0.9661709448129308	0.12095011787533891
1.0799775944301795	0.11605700059003678
0.9816127321611762	0.12154943634157428
0.9912495589295077	0.11955683948508075
0.9925266588264953	0.11962243422134339
1.1015595836777055	0.11845134633978142
1.051917014804779	0.11938397992074122
1.0344972253843896	0.1179093983977913
1.132423545022623	0.12048863670784576
0.9669848929231115	0.11209638198625571
0.9892929319650632	0.11718013608154315
1.038580671698063	0.1182347214688396
0.985380654444367	0.11699130220001472
0.9581799104390397	0.11822574116545448
1.058099367583794	0.11784899129274391
0.9917956110120866	0.11517805304327179
0.9866891912467983	0.11933154531020258
0.9790383558509366	0.12143809690548282
1.0589947890876097	0.11793242342467039
0.9862026348950391	0.12175957232415928
0.9999835012323084	0.11361420258961667
0.9766484285553558	0.12133887870975664
1.0403712808882515	0.11838121917198735
1.0022703809002567	0.11787522874521113
1.0233276621086154	0.11505360875969729
0.9548560986618396	0.11812930999315772
0.9742262870355074	0.12124235699551213
1.0305139132445842	0.11760357730055866
1.0177459749729862	0.11467968790671014
1.0215578596235033	0.1169562708017683
0.9480341295519468	0.12316170213310303
1.0111413549177715	0.11841350101465839
0.998110659744625	0.11992231399143599
1.0358907669739685	0.11403914068690722
0.9959579238405727	0.11980416703786263
1.0128104655691612	0.11436495747251389
1.018946573161868	0.11893152364031517
1.0378588173681407	0.11817633002484987
1.0996255693727135	0.11630550302043219
0.9329242896695712	0.1229535484928248
1.0886859219928984	0.1169779640304358
1.018947592987555	0.11677782533315774
1.06832748107438	0.11681777189080807
1.0561046535124954	0.11568490345587895
1.0494000462124813	0.11915661398565382
1.0150048762034358	0.11866461177386865
0.9879813183621616	0.11939397113245748
1.021982199562859	0.11496170215059788
1.0248712706763239	0.11935356594360662
1.0540512570616627	0.11364457543010384
0.9937122717403781	0.11740484465138282
0.986159922887868	0.11702816714936604
0.994114007798227	0.11742587869693243
1.0293593450176395	0.11969036720824278
0.9679305404068907	0.12101021683563742
0.9821229915775982	0.11684118144405867
1.0015512857381392	0.12011784415063562
0.948315815029701	0.12045514832667636
1.0295543170497903	0.11753157692020806
0.9528540502190118	0.12056143984239023
1.043832251712568	0.11465341331208496
0.9463296915654483	0.12041273358932915
0.9740893558925855	0.11877987492580915
1.1028907756481174	0.11668074544918035
1.0394448695309186	0.11624549549264719
0.9680888448125492	0.12368444990274406
0.9433965185185181	0.1230811998215377
1.1425340147293193	0.11620313922378031
0.9680382905989573	0.12101396444233406
0.9934260537057222	0.11738992097310698
0.9657989730946971	0.12093767812400591
0.9643020112749573	0.12088854671851945
0.9846403084939642	0.1216863608433752
0.9979699828207015	0.11763298072954982
0.9786301326453479	0.12142086795391205
1.0659895717031014	0.11860563795724435
0.9372555896945398	0.12299732311282124
1.0095530995272162	0.11831324208617082
0.9995591414734575	0.12000362074180794
1.036368324256714	0.11600468226395827
1.032170421919599	0.1177293905942202
0.9829363471126934	0.12160849801310374
1.027705134977169	0.119564487424626
0.952696283021722	0.12325770617701881
1.0467057443870689	0.11683979694881758
0.9912422637716134	0.11727774995143775
1.0306033847827571	0.1176103234011336
0.9879200770910131	0.11939098738777514
1.0510139793598217	0.11524457152296068
1.0487580391983282	0.11320815498536041
1.0447036627541084	0.11667222773708273
1.0155624146019488	0.11870170313921319
1.0497246029130078	0.11513587885444072
0.9619564693290179	0.10826580399213652
1.00708181182755	0.11816063869649157
0.9739267093352313	0.12123069933717981
0.9594091407587891	0.12073828800453015
0.9811630759432667	0.12152965351033365
1.0407423805955303	0.11841187698412395
0.9600298765578541	0.12343976480989416
1.0615929255688834	0.11817800759814229
1.0246553032592196	0.11514541517386885
1.0165545141887387	0.1187682420488762
1.0275106304746333	0.11738037300222613
1.0302523249700368	0.10848725709460225
1.099988051490117	0.11826404145871447
1.0114616816709272	0.11428149359782615
1.02941477323582	0.11356768722629165
0.9794457472421648	0.1167225852991467
0.9330464925617472	0.12295461045298418
0.9843387311438411	0.12167242968807865
0.971450769596367	0.12113670039946464
1.0704511381088577	0.11905542523124803
0.9468065318199024	0.12313894454238695
0.9288159909124898	0.11759442329470561
0.9925614304593887	0.11962423561134425
0.9980090423954889	0.11991666481595328
1.0409540282072722	0.11842940770556677
1.0059868555135763	0.1139537175629685
0.9821699279063216	0.11912186117033126
1.0808530007137962	0.11614693105990472
0.987250741335201	0.11935853907527845
0.9908913369414531	0.11953863821188167
0.9938729839835914	0.11969278230173488
1.0362618784772604	0.11599646528443729
1.0108633831157814	0.11839582990121486
1.015367389032876	0.11868870400270312
1.0285737670648825	0.1174586682406311
1.0620936637730347	0.11822594198296635
1.0756199992510618	0.11959705263237726
1.0132587970949962	0.1208466142665548
1.0628236552205899	0.11829617401273318
1.0145637362940616	0.11648822321279631
1.0240543812147307	0.11929386333257454
0.9896984036512543	0.11720024598980819
0.993021423321767	0.11964814337513636
1.0478602724733967	0.12124290578959104
1.0029513063902116	0.12019979195727298
1.0825232623361891	0.1182761403888296
1.0033029676421328	0.1202205943572145
1.0509040856300795	0.11720053465388816
0.955613888200236	0.12063251358692126
1.0371066603869552	0.11811589241471891
0.9604528561947762	0.12076902055968664
0.9543076397110118	0.12059826377554592
1.0130416796855983	0.11853572609886559
1.021514427645546	0.11911133361527827
0.9736014101895627	0.11876055403716668
1.0196983444810106	0.11898367716354394
0.9680575338601975	0.12101463455314002
1.0439623810073566	0.11661090489946863
0.9893497321110278	0.1194612937782738
1.0132926758662941	0.11640658861159395
1.008818906770762	0.12055850080787803
1.010898119993183	0.1183980352952937
0.9914940511374342	0.12202062050947399
1.0044375956471296	0.11800188826225604
1.0025170412956261	0.12017422440580981
0.9818613930941072	0.12156043751110565
1.0420781197850617	0.11852307521031728
1.003665937517137	0.11795643516152916
0.935081034998478	0.12297376514719628
1.0062597982610983	0.11811078841926141
1.0446407824174015	0.12095301893485547
1.027560825407898	0.11738405204830071
1.0362296570881762	0.11804594279417244
0.9578904591940022	0.12069483960296415
1.046664436807471	0.12113422813695802
0.9325997841114917	0.12295077710708335
1.1019013563858364	0.11849236227687751
1.04436452662711	0.11871651998542006
1.0239662225113582	0.11712495576909926
0.935605143366969	0.12022618443549386
1.071040505902888	0.11708428556645796
1.0345286562188545	0.1179118564369753
1.0015315974879806	0.12011670162072755
0.9899988471088967	0.11949366635973417
1.0276526649288622	0.12188371315533642
1.02662209800831	0.1194831770362743
0.9999670910729751	0.12002678442428427
0.977082520935248	0.12135660525406898
1.017788078208095	0.11885194006630516
1.0483303764396086	0.12128595593807441
1.023208613548434	0.12154627858856318
1.0370397188040394	0.12030206155062768
1.0129456482437071	0.11638448100672467
1.0064202597009897	0.11812048397323284
1.0373954752194166	0.1181390505958608
1.0206567301800122	0.11905074945048633
0.9834391713099088	0.11917940061279061
1.0238474275906733	0.11927881551143665
1.0174260419829908	0.11667588673982754
1.0245243926188166	0.11932815459401716
1.0361823074639502	0.1180421820667707
1.0286863774509065	0.11963890957935097
0.9795844545809713	0.12146132687099691
1.034803782834096	0.11793340289369456
1.0045101566742791	0.12029267582904704
1.0577346537238301	0.10892905832070839
1.0441348608163252	0.11869691052286564
0.9891616181478693	0.12190304518587906
1.0469440510141688	0.11685993287141647
0.9765585254153258	0.12133522374699172
1.011856395304236	0.11845920010175244
0.9915997267278022	0.11516813331193279
1.067508926030354	0.11673845976262377
0.9688740510054747	0.12104329757035248
1.0405923615998856	0.11633697179060937
1.0985868575170856	0.11618792088728132
1.002268510628474	0.12015965224091586
1.000875429414254	0.11000926055596526
1.0488734225297607	0.11910967084054115
1.0466689349639027	0.11891549962239245
0.9582271931995467	0.12070434376460601
1.015983971964433	0.11872989225210002
1.1044122424556058	0.11879680153752645
0.9529791970820648	0.12326402252628223
0.9807256247511683	0.12151054425727487
1.0046050241280924	0.11801180230916722
0.9869641574903517	0.11934473685904677
1.023380600536001	0.11315136993322433
0.990660364976635	0.1195269483502215
0.9958379023186771	0.11538776423248842
0.9943820188050883	0.11743996786262369
1.0419139001444258	0.11850933238843307
0.9886554706193221	0.1194269816581039
1.019174718254806	0.11894730848582098
1.0999965477413218	0.11826504840199144
1.0385171580972115	0.1182295684802404
0.974421393384019	0.12391023817049375
1.0087034886889945	0.11826031343298263
0.9732697700313454	0.12120535068354953
1.0209113768486366	0.11691165299361853
1.0486556979123067	0.11700575831184466
1.1225293271131453	0.11720799328873026
0.9448431166436807	0.12310471631568916
0.9544693594369524	0.12060244448847039
1.0694807215497177	0.1169303740821959
1.0123866643857973	0.11849331662681949
1.0204860008748073	0.11688244722715124
1.005236010795171	0.12033651852567366
1.0323188677781756	0.1177407597764104
1.0259616588655538	0.11943402029994359
0.9849702457728832	0.11925021050406895
0.9936134859416008	0.11967912706198387
0.97308721090959	0.12119835888528191
0.9992773826573007	0.1177053608409818
1.050353148027533	0.11924212460430969
1.0142107515147731	0.11861215481672949
1.068172312327829	0.11489979609410308
0.9958139768100616	0.1197963810328422
1.0291528622056163	0.11546477179480194
1.032400927346995	0.11774705126110625
1.041845829804641	0.11850364179288222
0.9888701657666209	0.11943755803399356
0.9747675007503732	0.12126357374348903
0.9377125298098947	0.1177340477946731
1.0291053387309832	0.11967090501332742
0.9584164519252539	0.12070971787697599
0.9712107521368534	0.12112781016987344
1.0403597790339973	0.11437982360755167
1.0818942470146358	0.11820810340142125
1.008817318819186	0.11612736513849681
1.0052059697189146	0.12279393666074351
0.9907059729133983	0.12198044960835155
1.0131881654141748	0.11639992258343339
0.9933591701320695	0.11738644103933545
1.0067589306110263	0.12042973675532564
0.9451535081374784	0.12038878471945817
1.0075961469224208	0.12048169700397499
1.0155936268982033	0.1187037860141915
1.0698714978863444	0.11899607223578798
1.0041120965699215	0.11584735843268593
1.0615347994515194	0.11429290550824603
0.9617800671156191	0.12080913161697161
1.0469557749024145	0.11686092454046461
1.0066525020833532	0.11399263529625152
1.0342694265916246	0.11789160462608911
1.0138380293813367	0.11644148689230323
0.9699002255007665	0.12107995719184475
0.9993827352827328	0.11999364033757312
0.9622523443718167	0.12082368406631738
1.007085638660367	0.11816087182894726
1.0039912674394655	0.12026156537616313
1.0523269372397503	0.11535642131548846
1.0038804364563527	0.12025494534355252
1.0174039202827299	0.11882575975628172
0.9742869501092708	0.12390513326624684
0.983522189319736	0.12163503529799892
0.9485062817035891	0.12317073388698689
1.0022327463766127	0.12261410377945839
1.0001095587908961	0.11775200662509154
0.9620643382870254	0.12349708524976918
1.0307784953884491	0.11762354290016697
1.0386680199033174	0.11824181304206212
1.0220325513336441	0.1130613198856052
0.9745217990555334	0.1187971235171286
0.9935437938380017	0.11967546755992488
1.0190094974413186	0.1189358735323623
0.9934470159406992	0.11967039128131965
0.9258997424589696	0.12290925834033826
0.9646118055251472	0.12089859220931934
0.9568915479655219	0.11818758458580092
1.0020201141443066	0.12014513166144333
1.0772699133492452	0.1157825053737515
0.9312917148033577	0.12294032099372647
0.9815156934613114	0.11909261156794616
1.0124253953430862	0.11849581607590594
1.105739155686821	0.11701514840028736
0.9632591037063017	0.12085519645090653
0.9835491942787503	0.11918443783832769
0.9918201747028667	0.11958601129026619
1.0419499423009204	0.11851234687064023
1.0019846398669858	0.12014306149582903
0.9707116929882587	0.12110945020589005
0.9975520353148799	0.11989134722166221
1.04038324625045	0.11838220607770325
1.0498765112065944	0.11514862565934601
1.0161988131138595	0.11874430631189484
0.9696299977235876	0.12107023450955444
0.9726136170825942	0.1211803269374323
1.0372514109993178	0.11607314656463716
0.977501303869574	0.12137383043456151
1.0170083644163335	0.11879891143710652
0.9659945158167303	0.1209442061043463
0.9608384078487816	0.11601374538505838
0.9697689557367506	0.12107522800046228
1.0297165117192637	0.12204581252186668
0.9692922572202166	0.11859639890409408
0.9329777510020945	0.12295401184647684
0.9772703456001919	0.12136431572001029
1.0671860265100876	0.11670731210019043
1.0454580695615074	0.11673503522521728
0.9520366318991373	0.12324319756108441
1.0052320412194022	0.12033627772925415
0.9941868922724846	0.11970936209908681
0.9930740246402909	0.12210253171030991
1.0205923046227459	0.11688973461058151
1.0207935958623862	0.11690355423433331
1.005847741704645	0.12037376182598353
1.050370638249249	0.11519019704676653
0.9968420818764363	0.11757142065388991
0.9516090029161839	0.12323395552770358
0.9833215867537103	0.11917402593218088
0.9505666081818427	0.12321196450503205
1.0069820354113435	0.12044353368143047
0.9769038491907575	0.10718485717949779
0.9887244696330525	0.11943037735314135
1.026793131435053	0.1173279736963668
0.9640229555421307	0.1208795524523184
1.0089301490037765	0.11827438604387618
1.0493488898118435	0.12137986373633598
1.0207164792341739	0.12136387884464324
0.9857470470568306	0.11928672487764666
1.0294650779400065	0.11752491385117583
0.952380286690504	0.11360832232983598
0.9911686471627006	0.1195527207928326
0.965362117786729	0.12092318621809006
0.9679805647350037	0.12101195573801761
