mu	sd
0.9655572529609577	0.10492415702514393
1.0180636492381754	0.10130072001226381
0.9883109049993076	0.10388653052795402
1.0395434264167303	0.0989667986450742
0.9970184825369989	0.10202396200165433
1.0567476857450295	0.10182600695039667
0.9888497586784567	0.10200445332867299
0.9971596406960542	0.10202611300233105
0.9553172278614313	0.10796903121796397
0.9983246637635065	0.10391387202438128
0.9868754401530323	0.10202991386222997
1.0098453625145623	0.10073271490101421
1.0001431283815174	0.10208636460903368
0.999096864976494	0.1020620060966168
1.0670775037286009	0.10235198462813594
1.0430126836448899	0.10101905120064673
1.0069168950765484	0.10058350900740161
0.9978093899859649	0.10203682525074202
1.0473496724278237	0.09868089231218602
1.0173245397546151	0.0980335382523671
1.0479177541529363	0.10348238087762135
0.970823713840462	0.10663377046879996
1.0130630760350634	0.09928391267477484
0.9544637638736129	0.10805879765985094
0.9635785219623616	0.10718479304804195
0.9781572626765241	0.10417295336860312
0.9863546394496255	0.10203853172579914
1.038867244148561	0.10039927410876376
1.004353301029256	0.0988396249871909
1.0287224156921917	0.09761214720856579
1.035452337044166	0.0999282452687765
1.007385108818775	0.09896750731916786
1.0288300889348232	0.09762389690890123
0.9591714528417169	0.10758359550890145
1.0744547140226361	0.09957819700556178
0.9695998418786613	0.10463869562780925
0.9687538430053048	0.10677734425363566
0.9984711649668541	0.10204911011745132
0.9750617112298121	0.10241238900240408
1.0759558453571425	0.10276902134893084
0.9393316128110835	0.10988896349682734
1.0245569779999109	0.10023773676986988
0.9960256325884043	0.10201060315676867
1.0166784932324076	0.10118940928739643
1.0393094487753158	0.10046288839144735
1.0572985644862494	0.1019313414951789
1.0307805947633304	0.10093148558144241
0.9941523575570325	0.10386345791646186
0.981038777674442	0.10406113010733743
1.0535565455972633	0.10282807796610252
0.9925454812784491	0.10198800030595068
0.9878955497404951	0.1020153277732982
1.0422377189026946	0.10253384696211884
0.98347331877118	0.10398521931985387
1.0286284970578616	0.10067746477718335
1.0114325723989226	0.10082517818893291
0.9896769725438977	0.10024828734428355
0.9996495241872906	0.10207443597761744
1.0079103276306784	0.1006310288071569
1.0083122764588173	0.10239902748903192
1.0247408844562975	0.10192681470855361
1.0348300329006213	0.10144986420121964
1.0321761086373828	0.09951017914459126
1.0701215295259683	0.10461145505362389
0.9720207473337065	0.10448734092472249
0.9554010496722005	0.10796029960730424
1.0150253494618349	0.09941687421239179
1.0119583687423364	0.10085761685485609
1.0164505506110184	0.10117170033147388
1.0074982107277135	0.10061093104633718
1.083601382935103	0.10455729183155031
1.0069863901508493	0.10058673023004992
0.9947332733739485	0.10199783325839905
1.0540759372570332	0.1013269761188834
0.9794502706384117	0.10616264397333978
1.0107980552557025	0.10078723166133328
0.9729549126893152	0.10443298585065738
1.0016968887260282	0.1039966073808111
1.0382529859620868	0.10031190319671444
1.0723688028436877	0.1035047112920653
0.9786395983736574	0.10415260240349246
0.992487210507972	0.10385905874478336
1.0157050789134296	0.10111498302868538
1.0238055815147455	0.09859351764005526
1.014340541314016	0.10101591290154663
0.9494453882467295	0.10861738224716255
1.073478271656776	0.10075853864722341
0.9774483127227921	0.10420404248470976
1.0244145487248368	0.0957680299545143
0.9816455876277971	0.10404059959667519
1.0034684621323853	0.10218723172127656
0.9575070646850244	0.10774596969954098
0.9858114804188096	0.10392872873228857
1.0507030948519034	0.10072536747764427
1.0292110162105699	0.10242919910235306
0.9523338469685717	0.10411536395826602
1.0088809199483137	0.1006805220208141
0.9853007761431929	0.10393967620728518
1.0078546132690704	0.10062827985964451
0.9676339464512124	0.10685972225360008
1.0015896480428106	0.1021258374787979
1.056978806271467	0.10187009887548007
1.0212077354747735	0.09991606840980449
1.0421969505864845	0.10089295905976298
1.0264958916441584	0.10044047393317423
0.9978261379586976	0.10390485024135952
0.9768916396545831	0.10422942935902878
0.9937471372009247	0.09861038176613514
1.0472805412401707	0.10171147719646366
1.0206955948944045	0.10152976618176775
0.995368792291143	0.10387230210201158
0.9825992913763225	0.10212373625370022
1.035544118097914	0.10154673563322394
0.9710093511473519	0.10454874641516744
0.9891474213728575	0.1038766755032742
0.9983392041501477	0.09866869453287971
1.0029945325775842	0.10217066049661819
0.9996784086151175	0.10033177570266295
0.9730437523770002	0.10442793571062405
0.9987881768727709	0.10205548798614504
0.9881865056441835	0.10388818014004762
1.0325863994371391	0.10115614013064318
1.0608665661448617	0.10263352811844233
1.0440852414046906	0.10118790770580971
0.9690498071825873	0.10467516074319787
0.9770666621049868	0.10422135540672546
1.0365681990193254	0.10007821131339585
0.998213719774272	0.10204416583560225
1.0132092836928188	0.10269289599010367
1.0003746273705345	0.10034885420718682
1.0028575771343369	0.1021660083557257
1.0343754445842934	0.09978716188097482
1.004552239157563	0.10222789068109649
1.0044720872640336	0.10222475167166642
1.021255248142602	0.09992037918291163
1.0061864606921598	0.10055058703944296
1.0421149522206004	0.10088039580177718
1.0090401085281462	0.1006889295767486
0.9571243596336478	0.10778418859693226
1.041948117771946	0.10085489754976613
1.0175616621104324	0.09960687729165106
0.9897295310677608	0.101996818310867
1.0424740031162034	0.10257128849313749
1.007117070405062	0.1005928294125381
1.00914067987681	0.10069428346438221
1.0595485727644947	0.10237014410677825
1.0243698138773742	0.10188811670434939
0.9775573672421507	0.10419916939175726
1.0173941063437673	0.09803885740694329
1.031848661632464	0.10106309282337822
0.9923800219164752	0.1058744737209984
1.0153670066564338	0.10108986616182289
0.9950483876372394	0.1020004674699056
1.0284365542738274	0.10065553407729315
1.0442891367206966	0.10122040069822931
1.0303764888437	0.10088264933886866
1.067329589752426	0.0994823454734825
0.9922778797163601	0.10385913130267577
0.9871485472189321	0.10390379138570424
0.9828455700183805	0.10400314033366734
1.044596810902875	0.10126966927935593
1.006845303447785	0.10232667507496324
1.0629231031631798	0.1014949603044081
0.9778966385969948	0.10228593555590888
1.0372776948164348	0.10178869807438473
1.0702587198385445	0.10464242491672301
1.0256503920408533	0.09588611749382897
0.9820470932709542	0.10213962979291202
1.0255694602047494	0.10201488701134656
1.0021733590720587	0.10214368184661032
1.0158870328474974	0.10112865725538393
0.9784742582795263	0.1062052664867008
1.0521466333673777	0.10256716377191831
0.9727031347318947	0.10651337411142268
1.0204129860487092	0.1015040679263052
1.0264827742875189	0.102114627817252
1.0040314928261578	0.1022078734906549
0.9973460192776882	0.1020290493517895
1.0030487545166715	0.10217251923348653
1.0429656553338726	0.10101172700112379
1.0558591744841446	0.10165786570203826
1.0422015458852638	0.10426775475723458
0.9653165275518303	0.10494240919155237
0.9842771728317443	0.10396396518930903
1.0371437927920903	0.10015706839101343
0.9661096415222991	0.10294457111839236
1.0230668343638412	0.09852309552402456
0.9735342735057975	0.10646321464016405
1.0341970007514258	0.10136535490860366
0.9655545411180201	0.10702123567997145
1.0011146202983996	0.10211213020496394
0.9789374762258273	0.10224484998141364
1.0787210549840385	0.10340152802448153
1.0355294042477832	0.10154472310047616
1.0153669396355607	0.10284819965976051
0.9727829691591146	0.10444281899492686
0.9949724090699252	0.10199980410394521
1.0229339850604673	0.10007735034268252
1.0339980420331087	0.10133905955915234
1.0040000372973832	0.10220669287209899
0.990769667070625	0.10199077462094588
0.9758080102192815	0.1063358449322629
1.0293688728874957	0.10076317015751816
1.0586523584355825	0.10065948033722863
0.981500658654589	0.10215619335394824
0.9765531064506489	0.1042452851862904
0.9703733394889225	0.1045887080034336
1.055904978839243	0.10014704667426527
1.0315848606040616	0.10103024581560616
1.0314747803414805	0.10101660546510459
0.9806605967446197	0.10218326863123262
0.9669412427534783	0.10482192221868973
0.9716695612813248	0.10657839735701571
1.0270353690206664	0.09892136377438024
0.9931330181987708	0.10385971316355169
0.9524132636595182	0.10828078334525465
1.0371088147946368	0.10176470459090309
1.0142669290372472	0.10101074262762239
1.0150264178061574	0.10106494331984298
1.000313439414514	0.10209066190503818
1.0292987137711316	0.09917047373850388
0.9697258919752014	0.10463044627779233
0.994423928834817	0.1019955469237393
1.0231546756517305	0.10176461461184313
1.0268829598664353	0.10048239833685525
1.0105680822117078	0.10077380182805766
0.9895870315829675	0.10199789854713968
0.9757786590123585	0.10428273698826829
1.00854877277428	0.10066324309147566
1.0059062651769373	0.1005384105495966
1.0392226771502708	0.10045035844961919
0.9693133653110655	0.10465759301470211
0.9970982740808024	0.10028148167610285
1.0765992892831038	0.09869946566605094
1.0031686345696111	0.1021766628085098
1.0338752339349087	0.10132289204919129
1.0159666672398138	0.10113467632715156
0.9941512589143064	0.10199377729478365
0.9659240058245763	0.10699173578154035
1.0083116840672361	0.10065112694249334
0.9860400580521075	0.10204411862857464
1.001404705937705	0.10212041406734043
0.9980327269047674	0.10204081582859356
1.0860711101692113	0.10076926777478407
1.0252528263622278	0.1003091016754551
0.9923772475113835	0.10198785230578676
0.9585919292263798	0.10763941873253625
1.0183613654050905	0.09967104510486198
0.9816094059992911	0.10039135776085825
1.0536585150213866	0.10284717215331907
1.146422962518283	0.11512452368345158
0.991164256355061	0.1019893328369959
1.029965930609494	0.09633350755478433
0.9941319563093185	0.10386335027815663
1.007218764837242	0.09596347324991737
1.046875970507856	0.10008172177877635
1.031059529530933	0.09937530042277143
1.0133671565633873	0.10270372087935532
0.9777927133572816	0.10418876531245766
1.0304108027959715	0.0992987155969103
0.9653906560830864	0.10703443101224551
0.9810502789560355	0.10406073112033824
0.9706331059545038	0.10664651475165947
0.9983246637635065	0.10391387202438128
1.0074982107277135	0.10061093104633718
1.0465445110279257	0.10158816170629352
0.9922202632652797	0.10198779204422798
1.0649917634099524	0.09901936675928774
1.0317668087468133	0.0979578180614277
0.9729593158853155	0.10649771020552694
1.0394990412759204	0.1021127553555781
0.9668147827960324	0.10692203258695358
0.9845452416015551	0.10395730271315713
1.0005235630495608	0.1020960922824427
0.9951295216275179	0.0986214866478341
0.98951160020222	0.10199849488610434
0.9758441126655731	0.10237538773055137
1.0100313554823144	0.09910240203689406
0.9916738737269579	0.10198816697152442
0.9978376558548424	0.10203732156896128
0.9635546717698956	0.10718682602703843
1.027316953599124	0.09895148677920507
0.9840869666375222	0.10396882177232902
0.983649027679533	0.10398041061172854
1.0131216055360688	0.10268692079064962
0.9909546944487867	0.10024245783076075
1.0196471610219002	0.10143576607460182
1.0668409286101805	0.10388503614829576
1.0072316925882263	0.09896035481156566
1.013520314161561	0.10095930885535787
1.0219351829249756	0.09998286423296886
1.0260184686163627	0.1003894285006745
0.9970015457333379	0.10202370813419198
1.0003865374102434	0.09717669697033161
1.0287918967776928	0.10069622784918418
1.0356688396648497	0.09995704174993908
1.021302751239039	0.10335793733593285
0.9944066600580472	0.10025055803442706
0.9928568139508347	0.10198850220416812
1.0534762425255308	0.10281306211518755
1.0894020156331956	0.10764832136553586
1.0177461351451464	0.10127464321539954
1.017103437855217	0.10122288219436754
0.9922539000014583	0.10198779863504685
1.000594091551187	0.10035454889617444
0.9995191043723924	0.10207141463011887
0.9987532800362974	0.10031139598237257
1.0704894604772255	0.10308759557653971
1.0483953716287213	0.10190133236726487
1.0247876668413107	0.10193172620941296
0.9749615353686126	0.10638156229156824
0.998805244673193	0.10031247093517853
1.072859411125102	0.10208059776444595
1.054914374898856	0.10148145695819495
1.0234177171190473	0.10012426564961391
0.9694795216051599	0.10464660737130363
0.9942646088943222	0.10587742698369487
1.0084624271780291	0.10240683838103837
1.0101225330200563	0.10074827179553567
0.9680869227408208	0.10281036020786566
1.0228749771575218	0.10007167896512607
1.0119923883205897	0.10261230074609867
1.006577914593048	0.10056801834569037
1.0107447570549506	0.10078410387702211
0.9887305143306586	0.10388131732572475
0.9999076185580572	0.10208057569956773
1.0104405827702552	0.0991252154761347
1.0315587847977612	0.10102701116546989
1.0585304318466224	0.10063631937765458
1.0375000859461403	0.10182043296202548
1.0017177233044119	0.10212965818803947
0.9861116667053113	0.10392265971575733
1.0594571875636083	0.10081333447969507
0.9625826150972339	0.10727086233072872
0.9934852532223187	0.10386063083916987
1.023463010151062	0.10357368966202296
0.9707683291446513	0.1026431698173455
1.00396000595924	0.10220519507131264
1.030295740856308	0.10087295398753102
1.0142851985783585	0.0993652877260175
1.0959433906651193	0.10769054625912465
0.9860770255415574	0.10392334621825955
0.9924377799279016	0.10385906333018007
1.008872543274228	0.1006800818730339
1.0178353971463436	0.09962861135521185
0.9939454583401359	0.10386242831824362
1.0317840814896722	0.10274870320646472
1.019374091689159	0.10141188360450375
1.040545510647436	0.10227085378513909
1.0148392316092338	0.10105140855109845
1.0025375516231896	0.10041152195143634
0.9646814068583003	0.10709231134054632
0.9891734845086202	0.1038764031639652
1.0037084563092187	0.10219590338600505
1.0546950003583322	0.10474463298471169
1.0179577778990636	0.10129198786736356
1.0280959682713606	0.10061691233722976
0.9871763457246766	0.10202529475657911
0.9811976311266707	0.10609339742182525
1.0232419310379026	0.10177331849571764
1.0228300263710521	0.10006736617136516
0.9851024288257236	0.10206246574702892
0.9602606087539535	0.10535694246760945
1.0086010753404877	0.1024141179084125
0.985156551753971	0.10394290934013833
0.979564406456958	0.1041154092492961
0.9847701202021183	0.10395187841811268
1.004205965425516	0.1022144809071015
1.0153410562729153	0.09943940784288445
0.9977726463542903	0.10203618385443126
0.9995672994584782	0.10207252478938321
1.0475987404242388	0.10020006987356263
0.9889055912181431	0.10200390042447763
0.9981457323985925	0.10391053949597419
1.007867280690205	0.10424776702686296
1.0260162360352925	0.09881440513280888
1.0733449539577704	0.10372465467683244
1.0102289718462394	0.10075431216501016
1.009347486090841	0.10070539549210777
0.9577581676397624	0.10772107135899602
0.9813435904214182	0.10405068455193626
1.0343414223868677	0.09978276306863787
0.958328992731054	0.10766499892879165
1.0271129404639194	0.10218507431669115
0.9712615231693764	0.10660486810461697
1.003734227907263	0.1004524885213513
1.018424435502431	0.10133075646087585
0.9599180058271015	0.10751282071776176
1.0129246629832147	0.10091958638228546
1.0230471806797246	0.10353090015147383
0.9760740707607892	0.10426825805911205
0.9991733547921341	0.10206366822315319
1.0173219409912186	0.10300267955171058
1.0107559771379777	0.10078476155564833
1.0343133278966867	0.10308433411663451
0.983147888610192	0.10399436538814395
0.9765645814182815	0.10424474258600097
0.9626034909409477	0.1072690335043399
1.0373606967888518	0.10180052387417804
1.0063581736305058	0.09738040710710019
1.0034084819924733	0.10218509390765737
0.9844907509333156	0.10207579513046036
1.0389250020394425	0.10040754898268925
0.9987703784594022	0.09867734385540021
1.0210073335776073	0.10155842185353224
1.1280863476797478	0.11511620341039065
1.0053232197476079	0.10412839162101054
1.0108362560651207	0.10441554236681919
0.9893244468951343	0.1020000476914446
1.0461416540526807	0.1015213522662435
0.981708870958102	0.10403851969081374
1.01718620636256	0.10122947140047452
0.9887462658929463	0.098615537541183
0.946876592586557	0.10892271404914147
1.008370246647219	0.1006541028665842
1.0511667895337167	0.10080618031297385
1.0552971900835244	0.10155263752660275
0.9995871456996488	0.1020729841029388
0.9729801682876923	0.10649644316519431
1.0225736151952474	0.10170730124336974
0.9866721013208389	0.10203318471056094
0.995507257676392	0.10200485572062448
0.9717018460557924	0.10258906494233366
1.0120821889452825	0.10086538710593568
1.0093978058705366	0.10070812017867439
1.000228277265221	0.10208850143714672
0.99124823658815	0.10198908663853175
1.0170728004970977	0.09956865843121608
1.0083007286127967	0.10239842988939603
0.9920016607512686	0.10198783314093121
0.9790100420766683	0.10413741505345704
0.9644796298941593	0.105006935329986
1.0337466416326075	0.10130601493927004
1.003814873032241	0.1040681342204102
1.00460663567278	0.10223003306125458
1.0135626951417527	0.10096217946249396
0.9993717097861625	0.1020680655636633
1.0242617947106605	0.10187693818066236
1.0205571428420466	0.10151714319324437
1.0449820054617118	0.1013317532832183
1.0000693433784744	0.10208453179509971
0.970737344459697	0.10663953314841973
1.003320304562048	0.10043780850503711
0.9855252361485383	0.10205387898888409
1.0200946092655296	0.09981715151563711
1.0288568001291263	0.09912058237174207
0.9904955264822514	0.10199205242732094
0.9964903850624597	0.10027258799795395
1.0079184441918811	0.09899294031285205
0.9939920781585843	0.10386264830849003
1.0395960207371664	0.10050443350174999
1.0271660095953685	0.10219106761534594
1.0020765026911067	0.10214064438334129
0.9995758031602568	0.10394013897050526
0.9972560337346404	0.09864938851442501
0.992943871694005	0.10385938390180233
0.9853637687936336	0.10596568929915315
0.9758883538962853	0.10237334297733795
1.007603213102501	0.09897780130318581
1.0140114459402216	0.09934664850684881
0.973593858032296	0.10645969212937985
1.016507522226183	0.10117611037958034
0.9862791149177893	0.10391939234493591
0.9932532996015473	0.10024394320203148
0.9990760835591106	0.10031820786281609
1.007314554396774	0.10060215039945437
1.078763637042967	0.10498552721051456
1.0038570834811522	0.10220136827630222
1.009966479880186	0.0975549322557708
0.9869838198428104	0.10593059524369335
1.0028543644863885	0.10042192924948543
1.0041945226535747	0.10221404449857868
0.9951159313949509	0.10200107226176996
1.037547556032453	0.10182722731059003
1.024656110443935	0.10191793326294263
1.0613795130352173	0.10273729057094791
0.9825951289895036	0.10401061202620425
1.005626241115835	0.10052649166174904
1.0344459201659921	0.10139843214115264
1.0710442164046412	0.10168700650415013
1.0370434678482638	0.10014325035237101
1.0208749184582493	0.10331712858542254
0.9662517333896273	0.10696585686399783
1.0032485707431988	0.10217945183237435
1.012668929317154	0.10265648723577964
0.9938230960687123	0.10386188410815811
1.0135485011118204	0.10271625988899381
1.0216472424173657	0.10339125761112876
0.9714015055805019	0.10659573618721148
1.0263309774892273	0.10042275842704929
1.0125130556351318	0.10089281625711269
1.0096942577393813	0.10072433865288646
1.0315790657568356	0.10102952678762434
0.9994595749835261	0.10207005365021683
1.0131917464076328	0.10269169874446567
1.0051968309388781	0.10050869937387549
0.994775467630065	0.10199816810561546
0.9893663434026024	0.10199969101502883
1.0190897679285158	0.10138728023035835
0.965875338554888	0.10490025179782551
1.0168780663117145	0.10120505526739808
0.9980153342207795	0.10029702406684347
1.0431478714249165	0.10267903573022909
1.0287420681675719	0.10237335529697851
0.9755750431535546	0.10429285482338663
0.995698782783183	0.10200688145374188
1.023655284045477	0.10181489687222797
1.06102569354765	0.10111799186544632
0.9861987289119905	0.10204126483332196
1.0632000615491088	0.10155075015411259
0.9934770688308591	0.10199038695622394
0.9682326285850833	0.10681527812503731
1.0246474022457492	0.10024692226653564
0.9626512065615117	0.10726485733182811
0.9941902471810087	0.10386366137630436
0.9659269852621449	0.10699149928744667
0.9926907826519932	0.10385912171201432
1.0219444134171232	0.1016465104903529
0.9803890896494151	0.10408428411256829
1.0028760485714947	0.10403455090565868
0.9953769760337542	0.10025919416260853
0.9522302388374395	0.10830102388633546
0.9775831967085618	0.10419802002931124
1.0058535743397017	0.1005361487364202
1.0526395756228384	0.09814040739936448
1.0353470021564977	0.09991428726730002
1.0041315922951872	0.10221165212058088
0.998846272684631	0.10031332550796297
1.0467208098670742	0.10161755166812061
1.0171462466527976	0.10122628737424824
0.9972612946896614	0.10202770094717722
1.0328361246023858	0.10288571433530841
1.0285459361943479	0.09908585054291331
1.0326213051228872	0.10116058597801064
0.9837584980087103	0.10397746069151532
1.0143344955680869	0.09936866951476764
1.0692736439349935	0.10282223743904788
1.0395474952992225	0.10384657738638782
1.0335403747162377	0.09968022884942342
0.9616519814631959	0.1073534541237675
0.9906661856625748	0.10386432852335943
1.0288679088283503	0.0991218290784734
1.0408098534092207	0.1006831891960147
1.0188142953061219	0.10136369895251313
1.0791860582483417	0.10508660985408098
1.0120943757095455	0.10261886236726872
1.032903632863248	0.10119668928117463
0.9854882955366188	0.10393556563581391
0.9641210663529469	0.10713892362878336
1.020077899847714	0.09981569696832787
1.0000052387798162	0.10395035518127284
1.0291505698020642	0.10073771585154724
1.0040314928261578	0.1022078734906549
1.0260272204867276	0.10206452898278492
1.0378529764649231	0.10025562911064478
1.0061897818647971	0.10229665925773711
1.0184187056871719	0.10133027606311637
1.0527888019071738	0.10268528414672684
0.9995502889546503	0.10207213210856445
1.0315935531145424	0.10103132458993931
0.9856037078043526	0.10393308811554182
1.006543298719261	0.10231266932472584
1.034301208987629	0.10308267502605355
1.008939561344076	0.10068360964712417
0.9970352161008919	0.10389221696979335
1.0447792197231573	0.09974691764283182
0.9849258307522348	0.10394821077581547
1.0006627438618152	0.10209976747876326
1.013232668027498	0.10269449403396727
0.9931251661033356	0.09860717535916451
1.0073433441422832	0.1023504345963161
1.0192601841908835	0.09974561001595306
1.006511672007139	0.10231122012705622
1.0110146776668933	0.10255118493109336
0.9565920118329645	0.10783789345001675
1.046523603744199	0.10158468251392196
0.9666891071461003	0.10484020238644952
1.0125434447823412	0.10264817416953306
1.0020594122891477	0.10214011158241171
1.0272030395425533	0.09470378673537695
1.062355233779473	0.1013811776200528
1.041366609672118	0.10076668375678172
0.9901296706573336	0.10386786915228631
0.9868559401358326	0.10203022231313255
0.9868422841012835	0.1039090253918972
0.9600553415280318	0.1074999415202919
0.987235242441419	0.10390236157444901
0.961690764650057	0.1073499708257465
1.0432126632825158	0.10105027085251483
0.9845185474510494	0.10207516621496272
1.020583098003546	0.10151950472209913
1.008322838224737	0.10065169290168612
1.0039828806023652	0.10220605029867831
0.9640793353116296	0.10714242609119969
1.0291100347223623	0.10241711172462027
0.9973683354417624	0.1002857926316849
0.9912398381658368	0.10198911030036885
1.0251541301622926	0.098726453060526
1.0820305092225255	0.10577750733859952
0.9862655448629974	0.10204008492310924
0.9747750475601761	0.1043336928850168
1.0087078358792434	0.10067147343294518
0.9754503191082394	0.10635491569346862
0.9909273193690213	0.10386293127633492
0.9905675568541826	0.10386491186416845
1.0672164223291152	0.10396679371292933
0.9706197189043069	0.10457310490602133
1.0391070309347021	0.10043369481472698
0.9797252897028157	0.10410918554005753
1.0464788092159605	0.10157723263356642
1.0334896521080645	0.10127244538500224
1.0163710673784891	0.10292590480005044
1.0272477407125729	0.10052235099846032
0.9869809577613206	0.10390662016097657
1.0175060526344215	0.10125514756713935
0.9932187987006652	0.10198945875388268
0.9890155509852413	0.10589838189480864
1.0014359992384896	0.102121323959385
1.015151262769008	0.10107403456718358
1.0194460591702827	0.10318542912495902
0.9853584710689115	0.10393840027025683
1.0195005373808947	0.10142291164306252
0.9907126033217871	0.10386406453118506
1.0175289103070735	0.10125699547498171
0.9945392135798369	0.10199636432030047
1.0375683271480325	0.10183020252160682
1.036925996597635	0.10012711007587564
0.9940202413588362	0.09861213971827303
0.9993150298312695	0.10206679619120029
0.9723244786710442	0.10446941797742994
0.979998250067265	0.10409879412044032
0.9849381493219029	0.10597627754762283
1.0182840834020175	0.10131902044314693
1.0219687897055016	0.09842156172523618
1.0182561063073576	0.0996624822086846
0.9735854226880946	0.10439759438609203
1.0164049800406296	0.10116818053557473
1.0306766233760238	0.1009188703777383
0.9704175963098978	0.10266405059102064
0.9722872278462452	0.10447160318757737
0.9297641501640715	0.11124536174837074
1.0005320832929765	0.10209631547475778
0.9852805836191534	0.10394012512401761
0.9944211172541021	0.10199552750300994
0.9881170806211491	0.10388912141849133
1.0053657772695521	0.10051562953319827
1.024814370791995	0.09869242689301091
1.0121555812042475	0.10262281711700627
0.9820713645155846	0.10402682924859687
1.0160093359410853	0.10113791000464215
0.9585859538180926	0.10763999831412999
1.0309973324042587	0.10095789501549697
1.0125959681133558	0.10265164721226734
1.0177911422683932	0.09962508135908055
0.9474553551553957	0.10885282045447434
1.0456235135915395	0.10143613907373937
1.026529388101355	0.0946373384249508
0.9483291926880002	0.09923933682195252
1.0753805493364685	0.10117001807404781
0.9505272031475194	0.10429678014350274
0.9837095232641451	0.10397877605501385
1.0098425637718293	0.1007325590847374
1.0198217962225296	0.09979351540107148
1.010234574663492	0.10075463114169482
0.9937287589866317	0.09861027114908745
0.9589324956456187	0.10760652024560657
0.9963131725852927	0.10201415371417774
1.021632256517062	0.10338979956752782
1.0429274520314853	0.1010057821412015
1.0073807921033824	0.10235225446606472
0.9859153815901662	0.10392659740714433
1.0086357445311802	0.10241594822465776
0.9741873562099427	0.10436478932867975
1.007720852449298	0.10236899442685635
0.9998196828257676	0.1020784598423974
1.0281732074923318	0.10062563830879061
1.014179179900951	0.10100460270087001
0.9970608265827471	0.1020246006556109
1.0725546270748312	0.10354640833663584
1.0054577610434108	0.10226482358850207
1.0195609037991054	0.10142819528380102
0.9883137982046746	0.10388649272801984
1.0814948891990097	0.10254355380917941
1.0180872063406439	0.09964881619946997
0.9677635028051317	0.10476338588631903
0.9913052543898465	0.1058780752515627
1.0365585511774333	0.1016871582346805
1.0226478169642557	0.09848390720542559
1.0485943108114832	0.10193560005690977
1.0698409464694385	0.10454826207736004
1.049060353233333	0.10044397298043636
1.0141975757219872	0.09935929580688717
0.9900361151033797	0.10588721958348152
1.0066158679241712	0.09893237745581308
0.9799650436727794	0.10220715348251057
0.9729116535107142	0.10650061078313654
0.9854911806967218	0.1039355032140245
1.0151172098337573	0.10107154972964999
1.0758070117595913	0.10273544750733926
1.0592897517460058	0.10231897050284482
1.0722919669649242	0.10348749385861862
0.987151331844589	0.10027357062841011
0.9743707118179258	0.1024463822762908
1.030832856942235	0.09934839211758648
1.0008190101076164	0.1021039682090794
1.0049891936574429	0.10050030638667433
0.9787544571508049	0.10414785223747375
1.0409176023482731	0.10069927418408951
0.9989587008944133	0.10392653381270073
0.9560175933710253	0.10789654428622973
0.9591208154099098	0.10545836528616492
0.9826555760540844	0.10400879186555761
1.0055569545121144	0.10052358111693714
1.0184932009882919	0.10133653038013342
1.000482130338486	0.10396242239221712
1.044105917934315	0.10119119702740813
0.9875734265007429	0.1038970030573759
1.004583731114113	0.10222912979007506
0.9948609483592838	0.10386802849351376
1.0305302356340518	0.10259024323338105
1.0216442451787762	0.10339096593441154
1.0262570811661713	0.10041484874925348
1.037028860215855	0.1017533768721216
0.9723101514049265	0.10447025801602378
0.9992838582805751	0.10206610246765767
1.021678612887065	0.09839535631506903
0.9690159325776803	0.1067585380583066
1.057762050937389	0.10364042004993
0.9739305238711105	0.10643997461299115
0.9904921427920126	0.1038653784472824
0.9687866044160321	0.10677498361011592
0.9790646095347872	0.10413521050940408
1.01785193990099	0.10128329561870558
1.0126285990287198	0.10090027500180922
1.0165958467130694	0.10118296859562827
1.0420968606135739	0.09933722013888935
1.006776255644162	0.10232344619979619
1.0518641056957179	0.09942979456252742
0.9594312851680609	0.10755881691656097
0.9830211943513228	0.10399801015555939
0.9828369333501	0.10400339494913076
0.9796652376823698	0.10615363425313655
1.0352189517074455	0.09989736535740043
0.9972755736837969	0.10028428688396517
1.0061642606972678	0.10054961315121178
0.969004019494726	0.10675938896722774
0.9950710436648204	0.10386969522270749
0.9964485305643896	0.10201591485099638
1.0384039614635048	0.09880770482129474
1.022807553445084	0.10006521245069754
0.9796419733621983	0.10411239944781052
0.9625357541484727	0.10516314212109057
1.02690371016771	0.10216153699425984
0.9858576574867934	0.10392777749205075
0.9819777371930174	0.1021416861417424
0.97789030321842	0.10418449620854696
0.9689682802035995	0.10676194393468823
1.015710763555115	0.10111540858838158
1.0193074116288108	0.09974959954634328
0.9802051539235007	0.10409105855114753
1.0145920426503947	0.09938646275779286
1.029875097838114	0.09923645987901737
0.9988363099542191	0.10205648434649639
1.01173608258403	0.10259596630128764
0.9770092763149284	0.10422399337334905
1.0634264743582011	0.10315831748430948
1.0536684935947578	0.10125261034625524
0.9702358269627676	0.1045974838662068
1.0184971428395408	0.09968214308111763
1.0057620730636097	0.10053224197407805
0.9650598872394406	0.10706126812026405
0.9855979369046056	0.10393321104841584
1.0147655182609112	0.10104611026109604
1.0058336717087772	0.10228095051641052
0.995768922093591	0.10387625833907764
0.967970523544795	0.10683462153564313
1.0053028950381884	0.10225831549467405
0.9769805839268465	0.10422531573494138
0.9801103198852309	0.10409458900997923
1.0702358474144622	0.10463725833490174
1.0485912951861485	0.1019350797326433
0.9835770128979812	0.10398237047579136
0.9822123588470765	0.1040223851511355
0.996541606021575	0.10201715921841707
0.9582893223854174	0.10356111286856538
0.9954255948988647	0.10200402678607176
0.9667939300731531	0.10692364122450715
1.0212731322914719	0.10158311038724155
1.0283795440785242	0.09906738370872228
1.0389885518808606	0.10041666547016008
0.9697258919752014	0.10463044627779233
1.0131503911205857	0.10093450279444523
1.0116574252931867	0.10083893998270978
0.9774289884329415	0.10230533768846613
1.0496372858974794	0.10211717345924891
0.9919233121715648	0.10385957121273619
0.9609407749342426	0.10529778604830599
0.9947821795762527	0.10386744038793774
0.9657601339333726	0.10700477768377596
1.0437173885687587	0.09811930340522627
0.9844501135420141	0.10395964256270367
0.971313044421118	0.10453003072137909
0.9705586501181017	0.10665151943648785
0.9673939232608456	0.10478949118465093
1.0004440472429168	0.10209402059008904
1.0013958857403933	0.10398767417707917
0.9947471741821973	0.103867185463356
0.9952286586045249	0.10387103940420618
0.9888982162996696	0.10589988147159951
0.9985212582025156	0.10391765559516306
1.0247145726526683	0.10192405555046802
1.0120244385718014	0.10261435898123777
1.0038456490031717	0.10220094527043773
1.0039743024839693	0.10220572938256109
1.0372065730248492	0.1017785824098063
1.0080914490254393	0.10064003434677901
0.9836519083559397	0.10398033253278871
0.9827575000249225	0.10211933979373869
1.0372308932314305	0.09864793861829331
0.9967683594936316	0.10027651588390252
1.0114831530494117	0.10082825953527906
1.0216635721604368	0.10161980319961224
1.0068932502101773	0.10419941818713331
0.975291150911812	0.10430714916364833
1.0135457421709062	0.10096103047335374
0.987362409135333	0.1039003057072613
1.0515070937329865	0.10086587476850123
0.9886581542164136	0.10388217762790793
0.9832311836533764	0.106024399266955
1.0036770217762134	0.10219475683677544
1.0013811351739108	0.10398724425407284
1.018040150872965	0.09964502511567759
0.9976285200067965	0.10203370924542228
0.9832711152237804	0.10210555135878627
1.0959112741526418	0.1076820242132206
1.0819289385097342	0.10575253246421339
1.039283735263206	0.10208065856558692
0.9667164764860349	0.10692962593507553
1.030036358021931	0.10084195218807439
0.9988476359704567	0.10205671986946425
1.01462203158974	0.09783845847770699
1.0374081393437533	0.10180729318061339
1.0377408623980118	0.10023994486761384
1.0352323716337914	0.10150424380193726
1.0058092078064396	0.1005342511182173
0.984005899885832	0.095675463313175
1.039859742226839	0.10054288787588812
1.0166066773988534	0.09953292815580761
1.0171919152736932	0.10122992672326839
1.0307661518660671	0.10092973109333743
1.0200080286165158	0.09677709874402361
1.0071782531639726	0.10059570378530466
1.0251651242181374	0.10197162178275443
1.0495191243489879	0.10209644088202217
0.986791871305338	0.10203124355267305
1.0477282591619566	0.10344911435015762
1.0871314271367403	0.10240713847896663
0.9793977924749756	0.10412193187676533
1.0637215991199556	0.10165633318412456
0.990851872133082	0.10386331299974262
0.9977924311062706	0.10203652868554948
0.9987287239118695	0.10205426749305208
1.0804462261391519	0.10539050725030709
1.0421015138434926	0.10251234395488669
1.0293315191911043	0.10075880379493095
1.105753268150593	0.11037668115015399
0.9791472280232851	0.09726012687111527
0.9962397679761578	0.10026924708878439
1.032318945420469	0.10112220519752681
0.9933427875835354	0.10024431524647709
0.9731051500526133	0.10251180362098643
1.0468284527196674	0.1016355419845078
0.9979876203337116	0.0986620488241948
0.9944407985610733	0.10199566396370499
0.988956314982041	0.10387873660875399
1.047493441842073	0.10174744828246704
0.9942193944563151	0.10386382103428655
1.0039805939630457	0.09728670357447378
0.9871918938867749	0.10390307363560619
1.0336297960292893	0.10129072555835879
1.0057842535164858	0.10053318654587066
1.0211964748071272	0.0983523940976654
0.9705639636557744	0.10265530011126403
0.9853988592846078	0.10393751300723006
1.0264191094756532	0.10043221488149799
1.0170918602479162	0.09801585594225837
1.0198718876112791	0.09979783733991224
0.9659835942336008	0.1069870101877231
1.0122651778573315	0.1008769621359052
1.0028119336689987	0.10216447151669915
1.0305097793738927	0.09781171110299419
1.0012397357109557	0.10211566971521631
1.0134581821090722	0.09776136832566847
1.017949195199019	0.1012912816048519
1.0317906606142904	0.10105585166207977
1.0792561596413164	0.10352581955529493
0.9542900131487135	0.10807726381246129
1.0704165963159502	0.10307159272587134
1.0179626619786317	0.09963879756475406
1.054658567227264	0.10143411814174523
1.0455066507746709	0.0998616319660782
1.0402511819124545	0.10222603610668506
1.0150803228027703	0.10106886239906794
0.9953918063727484	0.10200368988966567
1.0202073767902693	0.09826651891008474
1.0222574033526473	0.10167658507506086
1.0441224223627201	0.09818009499470488
0.9995003821690951	0.1003276491132946
0.9939206614376366	0.10024728901047654
0.9997962110254169	0.10033456010216234
1.0255196201177248	0.10200952441009076
0.9807139009955504	0.10407255714879403
0.9909222540944572	0.10024254736411985
1.0053200998062448	0.10225903459849185
0.9658524140412533	0.10490196654454507
1.0257176429410286	0.10035764213058201
0.9693305538842425	0.10465645334983253
1.036387286586528	0.09853557100994088
0.9643219778468193	0.10501927573514083
0.9851024288257236	0.10206246574702892
1.0818355947527265	0.10413341080225297
1.033046271287892	0.09961797453593996
0.9810691312685696	0.10609817841515701
0.9624275324041831	0.10728448123569018
1.1157351308560441	0.10817712076648282
0.9807943952453533	0.10406969767547956
0.9992895619688398	0.10032288876070496
0.9791191785561066	0.10413301428717613
0.9779965089181027	0.10417988029729712
0.9930748140497805	0.1038595996849891
1.0026311973846616	0.1004145654116876
0.9886552599311882	0.10388221237432327
1.0527026516889644	0.10266936788953715
0.9576744707578575	0.10772935467593636
1.0111067640248486	0.10080552988944717
1.0038685182294187	0.10220179172072896
1.0307825111898241	0.09934243724590218
1.027630125478427	0.10056469244218481
0.9918245274821574	0.10385976466239327
1.0243172590702534	0.10188267311933068
0.9695311679859161	0.10672209434257839
1.038397036798388	0.1003322888326271
0.9976794633797959	0.10029103427079258
1.0264845152109425	0.10043924903056176
0.9953467577007251	0.10200324625548679
1.0417170244929348	0.0992809045379527
1.040166263810424	0.09760617792839796
1.0369202677325258	0.10012632402944377
1.015486289539306	0.10109868517575839
1.0407588490032698	0.0991407247165614
0.97485571067665	0.09454722301415996
1.009302762519922	0.10070298070156569
0.985176742061589	0.10394245298113856
0.974310620348386	0.10435819050250326
0.9905211473854726	0.10386519689094408
1.033901544942318	0.10132635178121575
0.9750598828204444	0.1063761464917015
1.0494252486160298	0.10207999888906683
1.0221723436886199	0.09844010065782674
1.01620852520358	0.10115308524381533
1.024223775883773	0.1002041168497831
1.0265058679336176	0.0933651184279364
1.0792127025025933	0.1050929989458988
1.012464183210701	0.09769881471168707
1.0257238750809328	0.09729897386369434
0.9889269027430648	0.10025389909419229
0.9543858783140637	0.10806706734340042
0.9928536805736127	0.1038592670682169
0.9833379529431306	0.10398898591158294
1.0560402443716084	0.10330170178289738
0.9650449871211324	0.10706248348774831
0.9501461101252741	0.10433580006503713
0.9987542030017649	0.10205478916730759
1.002737771913283	0.10216198893434668
1.0340565430374273	0.10134677815246684
1.0084238616772194	0.09747552212747833
0.9911054754554319	0.10198951783638519
1.0643916478282156	0.1017929860559276
0.9948542372932005	0.10199880799522004
0.9975296297438453	0.10203204934050006
0.9997147455163123	0.10207596734794816
1.0307042142669767	0.099333191977206
1.0120624876243711	0.10086414741392606
1.0153442906353614	0.1010881920016774
1.0250008868017395	0.1002830829428569
1.0497979715275998	0.1021454334499826
1.0599234243564017	0.10407750863387136
1.0138206855311032	0.10273529029325053
1.0503415819195108	0.10224160352510231
1.01475378691859	0.09939774492497791
1.0216635721604368	0.10161980319961224
0.996539430445118	0.10027326403120128
0.999091199473247	0.1020618837280593
1.0389876255852806	0.10376070162815898
1.0063392020977253	0.10230337562423004
1.06541025816134	0.1035768550674837
1.006595056366496	0.10231504812461938
1.0414979779562514	0.10078652217355277
0.9714333783322312	0.10452268060266322
1.0312402890064103	0.10098767901923034
0.9750990363407809	0.10431694595674566
0.9704392312848015	0.10458451994105077
1.013650297800542	0.10096813176620598
1.0198168672847525	0.1014507334151123
0.9847381632563249	0.10207027479556927
1.0184960665256946	0.1013367713266496
0.9808087696429661	0.10406918899431396
1.0363737751797901	0.10005180555237311
0.9963977679259705	0.10201524764344648
1.0138226741501204	0.0993339338984247
1.0106022120778297	0.10252637148197438
1.0120878180786848	0.10086574154810996
0.9980841457024457	0.10390941693833997
1.007370199702213	0.10060479938023781
1.0060231793222192	0.10228925780238393
0.9910346987297268	0.10386241881230586
1.0348799228539187	0.10145657909080621
1.006805725555777	0.10057838826653119
0.9559786927330757	0.107900542404875
1.0087022537048989	0.10067118321448755
1.0366390841169488	0.10341179048483755
1.024260466352351	0.10020780136629406
1.0305986714320994	0.10090943503716965
0.9731612524081727	0.10442128826470184
1.038114946423885	0.10362891559144038
0.9540353388073213	0.10810444659908267
1.0807148437462857	0.10545573805771859
1.0365555961390773	0.10168674440501702
1.0216328082889239	0.09995489283448981
0.9559650641756606	0.10575376887300889
1.0567021018305922	0.10181732796557671
1.0293545054755928	0.10076149018427394
1.0053057624550639	0.10225843527559912
0.9968745345046103	0.10202183314303245
1.0242299118562568	0.10365418137127067
1.023530053582615	0.10180223990433672
1.0041659169204016	0.10221295540347562
0.9875127182123998	0.10389793928370822
1.01710629160856	0.10122310900441364
1.0393308100301577	0.10381321802295612
1.021018460975907	0.10333074966882633
1.0311040432811753	0.1026621080778426
1.013568393393442	0.09931698550364138
1.008819494879088	0.10067729973488836
1.0314516114170829	0.10101373950726984
1.0191931297840315	0.10139619335682608
0.9920436948306666	0.101987813947666
1.02151312262236	0.10160560403709858
1.016849314515728	0.09955144074160444
1.0220052476819617	0.1016523303433932
1.0305640334285835	0.10090524871672872
1.0250304708655842	0.10195733484179746
0.9893588444975192	0.10387452698051788
1.0295557182543953	0.10078507846489332
1.0074729854565867	0.10235675472591074
1.0473369408473658	0.09468013205039562
1.0363872181741696	0.10166321051353083
0.9963827422135871	0.10388334003674768
1.0385728958938851	0.10035726217919361
0.9871254297657975	0.10390417651092927
1.0127864710607315	0.10091053682556955
0.9978422890395953	0.09865940834584896
1.054042951803195	0.10132093849891101
0.9814183650514224	0.10404816299454349
1.033891055777883	0.09972487160764223
1.0784380535977016	0.10333604007752295
1.0058422839755061	0.10228132546678947
1.0045320793198855	0.09447791983417486
1.039864319452806	0.10216754607048913
1.0382458602710627	0.10192800521669822
0.9734163231646742	0.10440698318710968
1.015793201136225	0.10112159195841379
1.0826922210405678	0.1059407587414628
0.9697455990890514	0.10670713386733414
0.9901992531284377	0.10386735919450446
1.0074926442519438	0.10061066332063691
0.9946432677414218	0.10199713744204494
1.0212658266699088	0.0968834918611627
0.99736014118811	0.10202927630758221
1.0009816343169968	0.09873039643454952
0.9999935173247106	0.10033931971300446
1.0347596169862017	0.10144040021696707
0.9958875465359979	0.10200899007708064
1.0181151662989991	0.10130498252361729
1.079219364216814	0.10509459662108313
1.0322724598184492	0.10111633050319704
0.9857475622945499	0.10595662799698402
1.0104867818318357	0.10076909521963345
0.9846893895968458	0.10395380840335099
1.019399107726668	0.09975736598513706
1.0398365460899797	0.10053949701742222
1.0980381682948535	0.10661801175131973
0.9635397653076703	0.10718809735326348
0.9705624210143924	0.1045767197337825
1.0555266269556633	0.10159549299090904
1.0131729713764186	0.1009360041117839
1.0190880000961793	0.09973112535717536
1.008000594835636	0.10238305437427907
1.0277386575977707	0.10057679611168255
1.0230500024938185	0.10175420682617936
0.9931738915922476	0.10198931826134378
0.9995247741673913	0.102071544846263
0.9845538899849435	0.10395709132394497
1.003590695042737	0.10044733686050866
1.040951580984535	0.10233313698300747
1.014501974040869	0.10102731376416614
1.0547435386055204	0.09993641478136889
1.0011345230439135	0.10211268986993348
1.025477810757847	0.0987592034791387
1.0277986538980475	0.10058350329529464
1.0347097510449863	0.10143370778769019
0.9960453615899436	0.10201083849655175
0.9857999364586156	0.10392896753806406
0.9572316350704464	0.1036544501462118
1.025334993657109	0.10198973172793674
0.973559627437062	0.10439902170689884
0.9831594068740389	0.10399403636274752
1.0338156737098028	0.09820612842188577
1.0649305534514653	0.10347470684469164
1.010540919699415	0.09913088917360184
1.0080288374762192	0.10425610485674466
0.9975096448380504	0.10389954802925948
1.0137460983350743	0.09932880838596893
0.9992402906238951	0.10032179594594001
1.0091069529787982	0.10244122447309713
0.9634132080374199	0.1050915452208847
1.0097148242541532	0.10247493212016308
1.0155090146236938	0.10110037064369347
1.0556059139859844	0.10321759707857327
1.0070837096560732	0.09895352470703675
1.0497373772595184	0.09907002540621318
0.9760998849040317	0.10426700412800789
1.0385815480297493	0.10035849329743404
1.0089156336317977	0.09750005673408835
1.0291649264885994	0.10073938513318728
1.0142222175520446	0.09936097842841551
0.98218358335905	0.10402328745393136
1.0037398928753238	0.10219705324602107
0.9764555712632191	0.10424991175622339
1.009305557602008	0.10070313142880725
1.0070956924698296	0.10233851695821988
1.0426933837794359	0.09942651555869349
1.007015091933702	0.10233468228286796
1.0168267364905257	0.10120101856635041
0.9856486029377515	0.1059589201811507
0.9922546243249274	0.10385914794650201
0.966344089256847	0.10695861316287873
1.005879698090589	0.1041525938012263
1.0042010018086425	0.10046969171570988
0.9765831498709975	0.1062957694962344
1.026612526139974	0.10045305606666304
1.032382876715465	0.1011302959699315
1.0202696726258877	0.09679883824716592
0.9854250829774376	0.10205586654472745
0.9994737480750752	0.1020703766514934
1.0179949721327815	0.10129505136941282
0.9994028861897111	0.10206876815188569
0.9487413268949355	0.10869980389525763
0.9782290316873651	0.10416988408264584
0.9721216939806835	0.10256543394068629
1.00566146054537	0.10227350450353938
1.0616530540665072	0.10124161702757971
0.9530071607178204	0.10821558228658301
0.990621395971559	0.1019914376628684
1.0132011986042966	0.10093788323517941
1.084095529051675	0.10467705082806879
0.9772130020527799	0.10421466940368664
0.9921249672769239	0.10198779207963853
0.9982108913336323	0.10204411268416526
1.0347860206288504	0.10144394703600446
1.0056356344713067	0.10227239630079317
0.982787993275147	0.10400484185995741
1.0024041792398395	0.10215104337886502
1.0336385575867957	0.10129187049799912
1.0408717044943747	0.09915709509749793
1.0159496012096005	0.10113338464888423
0.9819821711944945	0.1040296704044451
0.9842022395655315	0.10396586568279213
1.0314321366718018	0.09941987954352213
0.9878220810611531	0.10389328591083676
1.0165388605989707	0.10117854078838126
0.9792656610986706	0.10412716035228128
0.9748793252397626	0.10064406760372535
0.982085751053967	0.104026373143847
1.0257211969749265	0.10381655950497548
0.9815117517207368	0.10215584886131181
0.9543319549773329	0.1080728003606345
0.9876514855811712	0.10389581579446595
1.053800224095961	0.10127660297522882
1.0374765932736758	0.10020312767325498
0.9690308239216814	0.10675747494743948
1.0079977099607267	0.10238290804602368
0.9999444989927051	0.10208147047709738
0.9992348440380797	0.10393246532599432
1.0191657495615183	0.09973765411293603
1.0193129682422675	0.0997500694106495
1.0084450993685463	0.10240593313203535
1.0412388597027673	0.09921061240118592
1.0018027518911023	0.10038859485220825
0.9687061899248741	0.10678078294480856
0.9919568269425056	0.1019878595335102
0.9679139317960628	0.10683882143091211
1.009268964088575	0.10245008700154866
0.9862663651942324	0.09295154436892553
0.9959382685815229	0.10200957566510689
1.0236993109119512	0.10015192345215307
0.9777869729122228	0.1041890172544613
1.0106522033748235	0.1007786943454271
1.0400745836643486	0.10392837243661791
1.0192169642378908	0.10316496989200868
0.9937466675540041	0.10199157464311502
1.025652410579081	0.10035078793665023
0.9680918175699743	0.09933045564659627
0.9977330788114633	0.10203549794395286
0.9787917876907072	0.10414631634470356
0.9807512728251142	0.10407122724505309
