x	low	mean	high	median
0.0125	0.04010168272330071	0.2210218513834667	0.42077363579025884	0.17168711667843536
0.037500000000000006	0.06852742139892214	0.25800813159816366	0.45932833881245544	0.22407905422361238
0.0625	0.11259060315777698	0.30468823450814664	0.5002977840401391	0.286175072154748
0.08750000000000001	0.17522933369953528	0.36268225265305876	0.5469818488539732	0.35965297119684775
0.1125	0.2605113522710283	0.4332740232311992	0.5994395384501877	0.44221167560640584
0.1375	0.3654207894592169	0.51695701998952	0.6596631069470207	0.5308932159254056
0.16250000000000003	0.4867104952135096	0.612902639276269	0.7340604721227459	0.6237851438174778
0.1875	0.6033024772152141	0.7184692142213441	0.8387268442168339	0.7142285400970652
0.21250000000000002	0.6903486248577362	0.8289200310338413	0.9836430192647974	0.8078793523181336
0.2375	0.7463711882403078	0.9375237384378161	1.1484317540426883	0.9096495324767877
0.2625	0.7851390861504537	1.0361467117891037	1.3088368254452227	1.0099329692589936
0.28750000000000003	0.8129683559735942	1.1163156439552895	1.4408423837894402	1.0891332228718762
0.3125	0.8340049538655844	1.170566552193599	1.532715139858279	1.1389769365859195
0.3375	0.8471529108867272	1.1937666262111044	1.5719778189555056	1.1599187709650356
0.36250000000000004	0.8496485874289537	1.1840601086187077	1.546999800648483	1.1474064309739425
0.3875	0.8380382376224286	1.1431767842558604	1.4706113611096279	1.1078855226010684
0.41250000000000003	0.806747761105218	1.0760262811905101	1.3587475422675663	1.0454570890760375
0.4375	0.7516929029038225	0.9897127710501601	1.23492330559182	0.9690437391438127
0.4625	0.6734413725276165	0.8922605748742571	1.115459068180391	0.8829263959617513
0.48750000000000004	0.5702372313986952	0.7913872746195983	1.0056146527598315	0.7960432000219972
0.5125	0.44841684140793536	0.6935939200169372	0.9167547214416919	0.706697263374558
0.5375000000000001	0.33514275379882813	0.6037048011440777	0.8417580850115598	0.6202703303648781
0.5625	0.24800543188785018	0.5248444771135794	0.7755886379325336	0.5345492363440574
0.5875000000000001	0.18088722693967985	0.45873810195253273	0.719462360314845	0.45684168087450894
0.6125	0.13631156556348004	0.4061830713646942	0.6703802095136568	0.3914370274297906
0.6375	0.1097190465162989	0.36755579583156794	0.6314826865875418	0.34033527986837886
0.6625000000000001	0.09395684307758626	0.3432600336419346	0.6005705183553225	0.3095519120425314
0.6875	0.0930034023342215	0.33406474388356633	0.5839473267305305	0.29947563124417187
0.7125000000000001	0.1039195662082701	0.3413020226582235	0.5844178874539049	0.30664789262668596
0.7375	0.1266911178027917	0.3668956745012307	0.6068826408118015	0.33331794071958937
0.7625	0.16869239137362158	0.41317779494880513	0.6584434467562819	0.38284872400440995
0.7875000000000001	0.2318071309658397	0.4824435488421696	0.7358433155826096	0.4527977141760854
0.8125	0.3170053969612179	0.5762163558719572	0.8480744825762034	0.5480167960356975
0.8375000000000001	0.42516732838878024	0.6942649274935717	0.9807484918695233	0.6729868301944751
0.8625	0.5532535185855696	0.833529637326591	1.1176150516166197	0.8268134402810514
0.8875	0.7042185210610057	0.9872477396522734	1.2553890947464288	0.9964413736445892
0.9125000000000001	0.8695797933337286	1.1446529875698623	1.4055325777558594	1.1574118712375219
0.9375	1.0270537624662173	1.291592105696838	1.5559420574056273	1.2932613733208649
0.9625000000000001	1.1446252099000163	1.412203938548271	1.6877424711990918	1.4059600056076582
0.9875	1.2153003901767925	1.4914729864173428	1.775353263428793	1.4861931752949968
1.0125000000000002	1.2404125850687655	1.5181080877295663	1.8024360428565118	1.5156220471486568
1.0375	1.2188796264114268	1.4869691242349756	1.7600168886652447	1.4920847536232644
1.0625	1.1502360736606148	1.4003014556674271	1.6469383721408573	1.4084756584169371
1.0875	1.0455816925182595	1.2673633667780013	1.4872875430548134	1.2694933925096614
1.1125	0.9097412132924727	1.102533165253089	1.295747729335234	1.0970105326115291
1.1375000000000002	0.7564059212453522	0.9224566196895759	1.0885045243615927	0.914057922814447
1.1625	0.6009982839921625	0.7430499061341558	0.8875528574264896	0.7338064024653985
1.1875	0.4519487469507582	0.5771224336596698	0.702987358181567	0.5717006318089365
1.2125000000000001	0.3153072978354268	0.4330829416772401	0.5462325125915303	0.4314807444543842
1.2375	0.20762324680765648	0.31479442874819913	0.4168678697723751	0.31402962540765456
1.2625000000000002	0.12885409596819952	0.22231378784151198	0.31364031938296283	0.21824443917078068
1.2875	0.07575187993924924	0.15309087173873898	0.23103089508902963	0.1455158153627002
1.3125	0.04258405341337999	0.10321704976103166	0.16685849922294854	0.09336037066918262
1.3375000000000001	0.022774694382921748	0.0684436538840413	0.11794653823114158	0.05779532372823611
1.3625	0.011534181129406098	0.0448528350878387	0.08163853022684653	0.03466872475171133
1.3875000000000002	0.005577842916881331	0.029193496196682264	0.05554799694599701	0.020026707701711145
1.4125	0.002518974972011863	0.01896621135140944	0.03734087321606269	0.011268045046555875
1.4375	0.00109490662306667	0.012358119688820479	0.024802396264017406	0.00623493234692344
1.4625000000000001	0.0004539303172389509	0.008112162450782319	0.016368711090971058	0.0033423711857461535
1.4875	0.00017741211391597648	0.005386080808552858	0.010857926565181985	0.0017500464834078369
1.5125000000000002	6.596625732005502e-05	0.0036296296428964857	0.0071817704446980185	0.0008983819574027732
1.5375	2.3352212477773826e-05	0.002489585220935058	0.004765550077792063	0.0004481334383683613
1.5625	7.929954485175835e-06	0.0017416774724224565	0.0031744738346442	0.00021882208641220804
1.5875000000000001	2.521011123170722e-06	0.0012443066194876772	0.00213901061229338	0.00010418018307596198
1.6125	7.875436060466734e-07	0.0009081837147057953	0.0014255724660345588	4.82708039935922e-05
1.6375000000000002	2.3241636653181028e-07	0.0006768860503612914	0.0009669317716103637	2.219836330332899e-05
1.6625	6.58669544611687e-08	0.0005145864891315173	0.0006555724689169602	9.890556810166807e-06
1.6875	1.7392735847360948e-08	0.00039837286181681195	0.0004450566779717539	4.289319940366931e-06
1.7125000000000001	4.419425357774471e-09	0.0003134568525732988	0.00029907272198293795	1.8417322843656985e-06
1.7375	1.0899729138181717e-09	0.00025018585957851	0.00019810910883173136	7.967179657304481e-07
1.7625000000000002	2.559157914441935e-10	0.0002021755956842644	0.00013121807380066545	3.267684949601275e-07
1.7875	5.946277032212625e-11	0.00016513893599363641	8.914744266134862e-05	1.321591608328673e-07
1.8125	1.2742413708738994e-11	0.00013614789725197368	5.955317111487234e-05	5.246960273245374e-08
1.8375000000000001	2.645077234023503e-12	0.0001131657695515536	4.0661947873273086e-05	2.0539723428717473e-08
1.8625	5.239046975554962e-13	9.474834426445922e-05	2.7466804735531262e-05	7.720491041484999e-09
1.8875000000000002	1.0724618219479824e-13	7.985145974034709e-05	1.8541723988782266e-05	2.862052289807997e-09
1.9125	2.0842628589994956e-14	6.77057633719564e-05	1.2352833848703262e-05	1.0585097284708712e-09
1.9375	3.6062095383309714e-15	5.773424635565814e-05	8.223102877232463e-06	3.7563048944975417e-10
1.9625000000000001	6.083881298457069e-16	4.949719375951165e-05	5.440639956105925e-06	1.292409871544266e-10
1.9875	9.679746148612466e-17	4.2654843494767084e-05	3.637137748568166e-06	4.378131363783829e-11
2.0125	1.452872285999811e-17	3.694158459256803e-05	2.4229198576936396e-06	1.4513495640614825e-11
2.0375	2.297785599878328e-18	3.214775758805493e-05	1.607625275849822e-06	4.737433423720495e-12
2.0625	3.153014790094459e-19	2.8106538694959674e-05	1.0631296482205962e-06	1.4959738274089138e-12
2.0875000000000004	4.2791363516851476e-20	2.4684292213847906e-05	6.951182912108791e-07	4.829304993503496e-13
2.1125	5.65173782620619e-21	2.177334637904879e-05	4.5278312907551355e-07	1.431550383625261e-13
2.1375	6.806154876863102e-22	1.9286505201547576e-05	2.9396776219715895e-07	4.314252066876809e-14
2.1625	8.490584635476936e-23	1.7152831631528634e-05	1.9100721591868902e-07	1.2883095390330223e-14
2.1875	9.594097819938937e-24	1.5314377802262405e-05	1.2350010713500673e-07	3.8328673194696685e-15
2.2125000000000004	1.0060682337074797e-24	1.3723629483839407e-05	8.031901248337995e-08	1.1404938683585773e-15
2.2375	1.1054406502121723e-25	1.2341494024891409e-05	5.1235756642179006e-08	3.169306030162099e-16
2.2625	1.1232572045085151e-26	1.1135705133873716e-05	3.29695868630389e-08	8.903484638040056e-17
2.2875	1.1022794661917529e-27	1.0079549942289556e-05	2.10357331116462e-08	2.3740384939973112e-17
2.3125	1.0981313564440155e-28	9.150847392981328e-06	1.3326085311953124e-08	6.120721528634506e-18
2.3375000000000004	1.032777531371898e-29	8.33112435612357e-06	8.330346230187993e-09	1.637686223237405e-18
2.3625	9.294849358704046e-31	7.604948618427704e-06	5.29896554366948e-09	4.1403962934751576e-19
2.3875	7.56857852643216e-32	6.959387254774494e-06	3.337363481514801e-09	1.0319388198319437e-19
2.4125000000000005	6.038808781770261e-33	6.3835658160835935e-06	2.07997897856227e-09	2.5831750587293372e-20
2.4375	4.622366933508118e-34	5.8683089479178345e-06	1.2789485157843245e-09	6.3109780448326505e-21
2.4625000000000004	3.9496012081493015e-35	5.405846990133707e-06	7.780906760590318e-10	1.611870903214198e-21
2.4875	2.9550219304879518e-36	4.9895761485689045e-06	4.768846584847879e-10	3.6240924153132e-22
