mu	sd
0.5677964665423961	0.28477423821135256
0.523192965855252	0.3370830942192448
0.9278132869363723	0.2054914137422736
0.27354928673694123	0.2269692541269063
0.8005062819231193	0.24761916153196908
0.7734971933219944	0.2512617341477152
0.35036960479809753	0.2749306766063131
0.2946746786568761	0.24154588695356977
0.7582960313213529	0.25300417368510186
0.8868144523694956	0.2113364524710987
0.6414463293112669	0.29155250842511804
0.40363115247796866	0.30034576356326975
0.9073390624070186	0.19231590322398195
0.38617493448792045	0.2926828367370026
0.3670530642818014	0.28355010491172616
0.8184675330975546	0.24487624123804838
0.7077703980406385	0.2568842504823854
1.0137531458703666	0.17569849522059933
1.0678949065022882	0.17425754919301079
0.7288652049202358	0.2893644748341788
0.652237845309271	0.29185270557523374
1.0193699754979442	0.18807065631040285
0.9036017921184148	0.208766604251051
0.4249355398529843	0.3088564534499726
0.8629177026969949	0.2374411355309439
1.1087990841515474	0.18658635788876635
0.6568167425308042	0.29192901730909
0.9322142657005166	0.18933071072516786
1.1412917140384218	0.17939818151267295
0.5197857215435219	0.275645380237467
0.8870748404047092	0.21129538226617217
0.8011488735263537	0.24752497446845964
1.0583604563048865	0.17226472373138496
0.42114473388981694	0.3074083034049065
0.43982119963644123	0.25158157069173015
0.6074050630845219	0.28946739352126133
0.7725295473069039	0.2847671716094692
1.0106339347051148	0.17548086824142978
0.7191686380156743	0.29009855037051885
0.34359347701126036	0.27125223584967845
0.9192552831555446	0.20657344990857984
0.35472812757582917	0.2772421292766858
0.9142782948340908	0.20724380484362045
0.6635132663523682	0.29198657387338217
0.41768817122917373	0.3060630761141476
0.387161437593579	0.29313283834378717
0.4646361347799138	0.3223639115891881
0.42099792814448794	0.3073516509341655
0.40827627983008596	0.3022791842731531
1.0669389876246	0.1740439926506127
0.3358642916725048	0.26692907667944804
0.7131586437284224	0.2904963058057609
0.31136148268493835	0.2523104257504453
0.8593267286282471	0.21577580386982498
0.8199260737861712	0.2446443838833839
0.988233093921881	0.18625497256694626
1.0787319287087092	0.17690221419549096
0.3325998602495013	0.2650620592130935
0.8843826530333108	0.2338160475092652
0.8620024603591189	0.21533962536233442
0.6396378749444966	0.2914855015742947
0.9403738228377456	0.18851750017670826
1.020146879698143	0.18815985850050773
0.33208574538738955	0.26476578464022954
0.577146876628509	0.2861083383618756
0.9497717242545601	0.1759548969045391
0.9811984932614737	0.18625826055212705
1.0295285657805926	0.17724801393893955
1.0827681551077155	0.16933896140737628
0.3820656409692145	0.29078621611560324
1.1092728542454053	0.18676887880182713
0.6122869018393139	0.2898747837941742
0.3671873200191	0.2836169783009196
0.5403052738215122	0.28002015634630933
0.9362883521483717	0.20452232880877488
1.0149603869020942	0.20429036663951466
0.6714531679930218	0.29197266582260706
0.4409012813545772	0.31464822354922684
0.9933728471061424	0.1863399549863667
0.4217816613040129	0.3076536008676312
1.1259835387843984	0.17399997927268418
0.606460368859738	0.28938429744137706
0.9575406482069733	0.18715739885536292
0.9927371717745072	0.18632527534572957
0.45432942903183554	0.31914247582536415
0.3319260747962621	0.2646736453503238
0.5933343736940792	0.2880855083682492
0.9850429682646652	0.18623985581303565
0.497770812356024	0.33142254630504725
0.5750335949009329	0.2858192094636179
0.638385000041108	0.2914362470889898
0.8636461264389453	0.23731647211628937
0.41736552318152664	0.3059362967327313
0.8858976896912989	0.21148128793066645
0.6230604829781233	0.2906442818485984
0.5365087387103227	0.27926457946225974
0.42473753382581175	0.30878151208910803
0.40057970811302485	0.2990517102659867
1.013496609740593	0.17567953788688048
0.5876306664152491	0.28743654169700683
0.8399028434092269	0.24136345632914516
0.9202071527541801	0.2064484955707857
0.9722805356579057	0.18644620831519845
0.26897492193375905	0.22367419220448514
0.5609390377829339	0.2837052865723317
0.5656269189747544	0.34417891160520503
0.6559096653135223	0.2919162954882254
0.784424772885236	0.2498665112197577
0.9948120132164467	0.15834375928377903
1.0377084057620347	0.16893357953957627
0.6857074714404946	0.29172853498559836
0.5854383772541367	0.2871733444474632
0.7230490114372164	0.28981830061332137
0.2777570127149145	0.22995687144768834
0.7893903249142414	0.2491960634181683
0.3989521899542792	0.2983536988753999
0.9960442093334269	0.1657598575673118
1.0104302353573922	0.18721036681657532
0.6730022087750223	0.2919596756413725
0.6571467303670931	0.29193335270379506
0.745895791461732	0.2542402658825467
0.6321122593427431	0.25625140227228477
0.39086392631105554	0.29480350881814743
0.9068343634508735	0.1923828142430313
0.4144444862950843	0.3047790730361544
0.9543585053557433	0.1873696586168335
0.8116844680097663	0.24593762988267806
0.4069639635159749	0.3017374098831115
0.9243356583658994	0.20591954770309542
0.8628445031141003	0.21520233950524478
0.8944082069032581	0.21015256376858882
0.8557607495056034	0.21635651791739413
0.44159333209579116	0.3148881783200451
0.6682095721252574	0.2919890334088023
0.6525009701856933	0.29185790927340544
0.8208111889149267	0.24450309046474375
1.060820676745205	0.17275011169844406
0.6225316826500268	0.29061064377980456
0.579171415182328	0.345853797790826
0.33792186250887535	0.2680932748540576
0.8855434030092411	0.21153735691141873
0.9010616842304497	0.20914347791414445
0.9849599606704391	0.18623983549923315
1.0703215299362898	0.16657998004186547
1.0039680015630386	0.1867680840531875
0.833323494256543	0.24246294885018582
0.36872318025698336	0.28437919928512406
0.3399887847582738	0.2692530027271093
0.7892060515922154	0.2492213327293671
0.7188806767947453	0.290118619683319
0.41818892392338164	0.30625942861917715
0.7276609197588474	0.28946173084660676
0.9769589178564392	0.2018964343663593
0.9160995267530232	0.20699528888469965
0.8702716597139188	0.2139928122644862
0.9464411238722418	0.20352065907417827
0.6223554796552884	0.29059934088326167
0.4413855782855304	0.3148162397058853
0.3603316123307625	0.2801516084167601
0.8235035785025964	0.244070647706579
0.4331221227270371	0.3118878481246138
0.8076200768461553	0.27982347094745935
0.9749004033755206	0.17479179854874474
0.39638534899254396	0.2972417310959055
0.9602746114416328	0.2024928758321778
0.36973898672948535	0.28488050369213797
0.4684020926280015	0.32349237716827123
0.6247128152900093	0.2907466585154651
0.9020994118283159	0.23099992308917852
0.6649389845614617	0.29199060622161044
0.840986805193676	0.2411809219707989
1.0126170245237223	0.17561598740970358
0.40857390904122975	0.3024015714897587
0.6623868598064895	0.2919813544903778
0.7458216663446307	0.28781873921590945
0.8442836537395306	0.20152324528692697
0.8922464458663502	0.21048645957440318
0.8223333466519277	0.24425908796017326
0.7347140132191069	0.25520237379293653
0.7815108698578439	0.250249577827961
0.862866577300896	0.23744988668009748
0.5963426749447513	0.2884070572706148
0.4688844965346294	0.3236350653379182
0.2983792323428915	0.243992786626516
0.7846525944224837	0.28316325963841227
0.9114320710355759	0.20763917465392218
0.9500905723771483	0.20320887207161267
0.9368069769504297	0.20446672691997422
0.6887947921796382	0.291639272371497
0.3595114476474076	0.2797301069554724
0.801922321588899	0.22460879493771585
0.5583613981960486	0.3431653656655224
0.9604640201051735	0.20248187359121714
0.8349539414923465	0.24219194498873023
0.8735159434060608	0.19713887712199318
0.8839693847435528	0.2117870825312561
0.7218287183948471	0.289908394370722
0.4185933309054996	0.3064176386180344
0.8343185769554952	0.21979704977894102
0.7893376763980227	0.2492032860947987
0.526869749861408	0.3378123781108555
0.8714773661942402	0.2137969743136099
0.42171627788350285	0.3076284569173002
0.9515004158047582	0.2030958569319588
0.38119747686664596	0.2903809360970288
0.3456085421328225	0.2723569629049875
0.9941684850288907	0.18636002284250022
0.4144285115481837	0.3047726974555341
0.7839238948811582	0.24993291200365494
0.4010987952471506	0.29927319145424613
0.45033752638599084	0.3178418558930129
0.40855823702274624	0.3023951315188918
0.391394889618746	0.29504073945851783
0.8820347053189644	0.23420478011513715
0.8858541171280724	0.23357389052884428
0.8532230775499793	0.2391010770785426
0.9683436971853414	0.1865897779670657
0.7759410734333764	0.25095963184081904
0.6069640732456149	0.289428776077215
0.30856252078195834	0.25055092807634377
0.621923117012185	0.290571406333418
0.8056429429736661	0.24685758475745354
0.6719027526097813	0.2919692391832114
0.795281696471682	0.24837292917863993
0.41143978063367825	0.30357087716403564
0.9629925897029663	0.18684031671003554
0.38322294699819437	0.29132398354070876
0.6009555324429512	0.2888724592764089
0.6491171671567728	0.29178334278677487
0.7792881662309854	0.28388821380239115
0.6495765961748936	0.29179444134674637
0.8023118311951833	0.22455498542199392
1.002094738220521	0.17502429393746666
0.8442484789732045	0.24062966887130227
0.43855136479619156	0.25110723474160945
0.8128858780463094	0.24575174998926655
0.9883443496276053	0.18625601035327283
0.668458863668684	0.2919882973024726
0.6373609321288253	0.291394261569468
1.1015292547131272	0.17438252993755377
0.42028116909734875	0.30707444059242234
0.37846977056360476	0.2890971232071501
0.5908161413445808	0.28780534594067003
0.7085591202158747	0.2907703991306743
0.35582493820833033	0.2778171148912793
1.0181996102907673	0.17605784752557524
0.45832632867073153	0.32041500744665957
0.3903781148287926	0.29458593510568776
0.3599927757085585	0.27997765279538306
0.35848713181898306	0.2792015970813304
0.3972132581124119	0.2976018725255071
0.9773016266027401	0.18631614160938356
0.843797537577483	0.24070604896236644
0.9290970848172708	0.2053376389904145
0.3305628317129577	0.2638845756615572
0.9850706398062027	0.1862398667409984
0.6791275995963231	0.29187580718025624
0.855057437076899	0.23878724819863853
0.9859920802538927	0.20193182782608407
1.0318222089250282	0.16821340323135234
0.334542788434797	0.2661762278958066
0.8844841516892007	0.23379930644653213
0.6547066169677862	0.2918975996081217
0.9458162844817807	0.18803137102475148
0.40824496752501754	0.30226629800595556
0.7054338096828779	0.29094141389197314
0.5829478669142948	0.2868650334796932
0.4104131560110669	0.30315390894705446
0.8435784767067952	0.24074313494784513
0.38839970201372986	0.29369478257062015
0.8529664094717356	0.23914496387497103
0.6791415653466166	0.25761363229900175
0.6174668061731352	0.29026690617625783
0.6339054731218992	0.29124109742923143
0.6453331046950239	0.29168023429644574
1.0352288534701342	0.17800482545314625
0.9172377037044569	0.20684183299370182
0.4045265452609856	0.3007218664434611
0.3672410434601392	0.28364372716424724
0.9330020698038066	0.20488489013976266
0.6834948899321125	0.21541717620729828
0.2785217183350973	0.23049535628361711
0.925877660566807	0.2057276675952561
1.0067278492464091	0.17524719256433513
0.3349475767788859	0.26640725886032557
0.35642664068636165	0.2781314098440748
0.6074208170019852	0.2894687675088589
0.9229387049508773	0.20609609715046381
0.3598365583588415	0.27989736675810106
0.4084798891364274	0.3023629292248301
0.9426009316090236	0.18831283633807505
0.9218005277572298	0.2062417995898392
0.9821530062350746	0.18625003895939102
0.6241991731547638	0.29071527675317166
0.6887276338714283	0.2916413500350596
0.33476242789125066	0.266301632814776
0.5956479872101926	0.25286425924848865
0.37453614022306747	0.2872176800209381
0.8991737574201	0.20942673065563724
1.0245136466308982	0.1766711101689093
0.8587859203526025	0.2381487470763742
0.6809337848908044	0.2918412421055823
0.8994435160675867	0.20938610045053416
0.3689801140317446	0.28450620921366226
0.9741962878211713	0.1863894064410798
0.8119587524519675	0.24589527619672527
0.30999162894690574	0.2514516156801855
1.1295301098111266	0.16793468010835066
0.6226438284512111	0.2906178130551213
0.9295417761247167	0.18961725800526225
0.7311784614997214	0.25547527130629677
0.4820008413972623	0.32735413817050724
1.073902216912586	0.1756720704787404
0.6809003226941003	0.29184192295188016
0.38168101299340534	0.2906068602924636
0.8795653654147457	0.21249066593079127
0.5999246278260971	0.28877134516740016
1.0185197406770938	0.17608599543124168
0.7567549021417244	0.2866556890047068
0.35330779424605135	0.27649355395077874
0.9293663011200118	0.20530569414682223
0.7655442827550292	0.2856326839321448
1.0280501102880728	0.17706945069633187
0.6567012645702479	0.2919274632872715
0.7329880511309791	0.2890186971992255
0.9724746349989827	0.2019780310335068
1.0024508537327455	0.18668479219214745
0.4720895798343817	0.32457238265454175
0.5665613341536064	0.28458738372655024
0.9224937740416287	0.20615285843811343
0.856095847717621	0.23860948108632196
0.5832965851538677	0.2512362024335083
0.4781729499399853	0.32630058066525996
0.4206556402124682	0.3072193961207076
0.850040138164166	0.2172850650111659
0.9595278232286146	0.202537119328585
0.7330050207993264	0.2890172332732358
0.6349263946911283	0.2912881992113789
0.2831647296061894	0.23373515143170828
0.9192759759675605	0.20657072198612805
0.382793716173427	0.2911248638810146
1.0358565216131639	0.17809493382589467
0.877969575652577	0.2348837879526676
0.39505077739276107	0.29665820237367396
0.5854077644534352	0.28716961493049253
0.37727762861883835	0.288531038941643
0.7382666074483978	0.28854746502552714
0.4338330423246467	0.31214494742996746
0.5651210756533692	0.28436635011132094
0.33081204201927983	0.2640291440085817
0.9044309104913587	0.20864469430013458
0.5443022762355629	0.2807894351164503
0.7325298791953272	0.2890580969644466
0.35551830866014744	0.2776566391457715
0.5984275397878469	0.2886215407562848
0.9407827066479058	0.2040558201645758
0.8021289922314737	0.28065278369892643
0.40256948991684477	0.2998976979675192
0.7707159849762659	0.28499618409955374
0.8251669152739672	0.24380157069297076
1.1851377576419604	0.19870779797673488
0.403492456321817	0.3002873588835785
0.9801170301491576	0.18627043754479541
0.6420171342100287	0.2915726567897212
0.6061614381119801	0.2893577146361944
0.9824377759391608	0.18624804882864315
0.8877933846544993	0.21118220761777182
0.7677727459410094	0.2519460383596482
0.7637372937605101	0.25240824359773834
0.38041719615924446	0.29001531295248817
0.5967467589314267	0.28844916203587895
0.6622047230241475	0.29198034162821784
0.6362920376489875	0.23208586554036348
0.9873808049330063	0.18624817384778616
0.5754707784410672	0.28587961460711536
0.6874352017944092	0.29168015777464146
0.6693880929606245	0.25759923943293833
0.5150937367935392	0.27454399591654
0.6883415097673555	0.29165317843800187
0.6864207607339892	0.2575359446592868
0.9488871579180846	0.17601590141559037
0.906668853344833	0.20831850130864535
0.8382888483045612	0.24163456793610372
0.8311477600592235	0.24282291944278867
0.3461336822062254	0.2726433514990042
0.9448585389931118	0.20366418498678585
1.012874426362064	0.1874160037264968
0.6998827076877929	0.2912143627386379
0.6860763930292861	0.29171854211976284
0.6509722708417646	0.2918262775074499
0.5877227997408515	0.2874474351572072
0.9953668528747791	0.17480116556171155
0.7229882343935085	0.2560479258575408
0.2820044287370921	0.17242478973805214
0.7374028697303554	0.25498464311924585
0.7153078629484176	0.29035918015718876
0.9502889165655034	0.20319271680608006
0.42273119905623185	0.30801780538356005
1.00671101206875	0.17524627705075388
0.614889026883174	0.29007691447279343
0.9637166741061696	0.1751659442973723
0.3656612752519832	0.28285452758565993
0.3057499902406315	0.24876422418489058
0.39497598960082625	0.2966253928251189
0.6501511079712063	0.2918078885651948
0.8141258709382045	0.24555892321669717
0.8241794500594256	0.2439614844772453
0.46751294208570576	0.32322827205575655
0.40256948991684477	0.2998976979675192
0.9641164884204784	0.18678257294606446
1.0454275960370842	0.17964278995242391
0.9313380604408579	0.18942361415870965
0.389453057405913	0.2941702757998235
0.28773316385580106	0.2368730194257006
0.3734727191070069	0.2867038737863702
0.753964812867872	0.25345552614958516
0.4277700103154188	0.3099208187447986
0.9065756242939876	0.20833200422903198
0.7960173580192871	0.2482681136533423
0.2751735128735537	0.22812744263027385
0.7516961754496652	0.28720936559537963
0.9944408689097352	0.20223477182460933
0.8060749335205356	0.24679265141542037
0.34509687436181924	0.2720773210786536
0.7289839461031375	0.28935479325048963
0.7454820906189813	0.2878528357133412
0.8495243243623705	0.23973272782581126
0.6902055420582571	0.2915942362070655
1.0042779472604475	0.20296466069692842
0.9745258989052872	0.2019330019833709
0.2992007261996385	0.24453097029475485
0.7885610178097032	0.2493095528855724
0.9817949124363249	0.18625284401451003
0.3627175202399512	0.28136933800358405
0.7418317327913908	0.28821143391194887
0.5917884235620186	0.2879147057407483
0.8212666363673691	0.24443021551255167
0.615254563947115	0.2901044756287719
0.6550031640006484	0.2919024013413816
0.5692281940645214	0.284987720758507
0.8519266152502292	0.2393226803719083
0.7565172721942682	0.28668228355665987
0.4839748923274045	0.32788729925723703
0.6413485044019347	0.29154900721647836
0.39706254867202473	0.2975364192990328
1.0116163118718007	0.18730745287817488
0.6527476958112662	0.2918626977604877
0.3544738279042863	0.27710843368107213
1.0063736785696917	0.18691593716320318
0.4068236983339181	0.30167929638089275
0.39655073671628893	0.2973137883089208
0.5081918009363351	0.33387493654335054
0.36329803601460187	0.2816637274078738
0.7702589039632578	0.2516529108227129
0.28401907482065947	0.23432573221309916
0.6738355704733658	0.2919513091038997
0.6605664570296055	0.29196911363981726
0.8615369488669742	0.2376775357093377
0.3453403705690421	0.2722104730176669
0.43751219199305724	0.31345991439897786
0.8306683039974795	0.24290197595125626
0.37758564598730515	0.28867759158471507
0.6650053278095716	0.29199072395798
0.9176732208599162	0.19099561143099714
0.42081858927999827	0.3072823860550804
0.6857913120431749	0.29172628011552804
0.8664301016848274	0.23684049213116537
0.34196895775987957	0.2703549076046214
0.46493028064945746	0.3224529829493019
0.91854137902426	0.20666787337519857
0.9063473291865811	0.19244757940120133
0.842482856257238	0.2409284317549499
0.8575181192309851	0.23836591183909672
0.3892772129407454	0.29409106009275304
0.6398169672183546	0.2914923526654612
0.3948563707330755	0.2965728916601276
0.699983858743761	0.29120974473381583
0.4480749662879259	0.31709142990113776
0.39451275160617283	0.2964219106783753
0.67458591624704	0.29194295309590945
0.32471031631896885	0.2604480892188717
0.6795455568188435	0.2918682050552241
0.7818669821286542	0.25020318303722383
0.6628671403844423	0.2919837997692566
0.31152456301078646	0.2524123712925998
0.692003720006487	0.29153299016800804
0.7385686451862127	0.25488753576762
1.057554339381739	0.17210995069334806
1.0083470738541085	0.1753388939672494
0.39160165371955075	0.2951329607898634
0.8615241605210118	0.2376797256851279
0.6728522437946717	0.2919610789681557
0.5728521562055963	0.285513180984162
0.2840790678254978	0.23436713834078346
1.0219796390221834	0.1672198988313571
0.867469779183709	0.21444861270430554
0.7965427234396619	0.24819299176809426
0.770820440014617	0.21101320094151896
0.39416955538386056	0.2962708706556608
0.6511858558921018	0.29183090029887826
