mu	sd
0.5678543603158208	0.2791143131857124
0.5253957996103436	0.33278028752862826
0.9247853972990463	0.21105890469956878
0.2797017123538312	0.22827098705263887
0.794182368841333	0.2480340560186455
0.767097235370853	0.25052272785639335
0.3562877862041842	0.27352059457194333
0.30093362379899213	0.24207567150668827
0.7519665092843565	0.2516389896121951
0.8816891537680673	0.2153612004723173
0.6389457031790233	0.2867627597272689
0.4086448621833644	0.297459220735639
0.9027744247513916	0.19680804158076215
0.3915296128323419	0.2902283172020524
0.3727347435088198	0.28162842093415597
0.8123452769106613	0.24607941646269957
0.70220556360755	0.2536215149989673
1.0160802691532334	0.18253919974797492
1.0748501728159945	0.18248790058415942
0.7245281216624885	0.2870573281769493
0.6494250701333595	0.28729149642775953
1.0230328509840694	0.196550623327335
0.8992440749617497	0.21342154440991076
0.42949076818326165	0.3055173005344771
0.8578604886328038	0.24064409180085455
1.1211277439715526	0.1979619073948144
0.6538777266032866	0.287471954931705
0.928983878666162	0.1945267535792756
1.155133532748402	0.18977148490716353
0.5217341156346041	0.2701304738840126
0.8819605198540781	0.21532997486007446
0.794830038788753	0.24796782852705618
1.0642782892447273	0.17994207684573424
0.425784371762273	0.3041435303128577
0.44475254952777055	0.24763606750589082
0.606007537642624	0.28412016848726557
0.7680151542783018	0.2841718488462415
1.0126894380985398	0.18220473268613527
0.7149467231003724	0.2874503211331959
0.34959265858527755	0.2700611943387005
0.9157260933916479	0.2118151963772358
0.3605894217290256	0.2756944705480948
0.9104735167549706	0.2122982462826123
0.6603966356042499	0.2876893441512149
0.42240379288737023	0.3028684664854332
0.39249783759499124	0.29065248425297624
0.46825794292803125	0.31841019656161196
0.4256408126907983	0.3040898124669747
0.4131935630475579	0.29928683872017253
1.0737869199541195	0.18221584106897012
0.34194411301346533	0.26599504872988766
0.7090206485176611	0.2876442185424321
0.3176035248924925	0.2522329003809382
0.8532025623606149	0.21874047418193368
0.8138257273517118	0.24591212673649052
0.9889492276679083	0.1932247266962117
1.0869587568332186	0.18584438507463932
0.33870976279693216	0.2642387112038319
0.8801564417060822	0.23801708809125743
0.8559617610538545	0.2184095238312005
0.6371914853546036	0.2866598188497678
0.9376327372448754	0.1939426640584042
1.0238925182459953	0.19668623313923553
0.33820016245120865	0.26395997666671367
0.5768486851444193	0.28048807187025854
0.9474252334909987	0.18109384258311956
0.9813353758313076	0.1929606818531777
1.0333213172583924	0.18476839924338434
1.090420596864401	0.17711550240914203
0.38749505956579694	0.2884410952923691
1.1216732796631403	0.19818775597618804
0.6107213673902525	0.2845916909108376
0.3728668988468333	0.28169134723826267
0.5414383266385022	0.2743707466770569
0.9337923716057652	0.21041985169151922
1.019603451826841	0.21461447307405626
0.6681372003999031	0.28787627935846766
0.4450903154096196	0.31102560724154754
0.9945304403855486	0.1935191442368915
0.4264071936737485	0.3043761423632039
1.137729463766308	0.1832616889598728
0.605095692127806	0.28402529208332294
0.9559176533591082	0.19308074877434206
0.993839296729704	0.19347785613538873
0.4582000289163056	0.31531917922144254
0.33804188145462266	0.2638732907678046
0.5924366276010277	0.28258427868939395
0.9854929473421257	0.1930857944754831
0.5005837246083372	0.32718939057962626
0.5748153238361783	0.2801880949069439
0.6359764977818724	0.28658607334951136
0.858613539512888	0.24055282314013163
0.42208818740108	0.3027483499442482
0.8807339697551381	0.215471351707037
0.6211351227173116	0.2855217619449665
0.5377923490767986	0.27363180645068946
0.4292971978818831	0.30544617752871145
0.4056555461355346	0.2962367933663087
1.015801181740913	0.1825104325559866
0.5869414479330161	0.2818861732412081
0.8341894828434743	0.2435226463095899
0.916731990796713	0.21172620855367882
0.9717216481709897	0.19283657491600778
0.27508348930047466	0.22514025097733636
0.5612617515911655	0.2780300827541857
0.5668859350662272	0.3400382614361226
0.6529953537637102	0.28743826722479515
0.7780237651649621	0.24958885399940406
0.9951458422597185	0.1631667928084162
1.0416093628892544	0.175633584429453
0.6820661975806326	0.288022579367603
0.5848301321030547	0.2816061605324921
0.718777961552578	0.2873047815317732
0.28394299934051953	0.2311060892052198
0.7830029751798907	0.24913067273293155
0.40406075258029517	0.29557766731100554
0.996613312050517	0.17121773618325764
1.0131758698389652	0.19519082139144248
0.6696488250317701	0.28790388054345983
0.6541987648369761	0.287483958335421
0.7396808229758247	0.2523804148805867
0.6289463906647784	0.25096244779784793
0.3961306072915121	0.29222768966146245
0.9022450529518393	0.1968603027899319
0.41923050509423737	0.3016523258754082
0.9525188119138616	0.1931979499842339
0.8054713567722496	0.2468415576225455
0.41190870795182366	0.298774557816164
0.9210998113474524	0.2113539599369231
0.8568306787392597	0.21830525668087059
0.8896149857488229	0.21446332533543494
0.849529904643303	0.2191802255649881
0.44576615585401286	0.3112543727948901
0.6649735254189978	0.2878091319881188
0.6496808378416667	0.2873025704354166
0.814724551575131	0.24581005273046105
1.0669992812122775	0.18056371733016036
0.6206236139877037	0.2854796387086603
0.5801601156660293	0.34183786850102477
0.3439814889188908	0.26709011840430946
0.8803649307471485	0.21551400670049017
0.8965799321205401	0.21370345484977016
0.9854030922310589	0.193082611475014
1.0766664014809997	0.1736785356118809
1.00608842773708	0.19442366796478272
0.8274645271571337	0.24432712892369776
0.37437852116654385	0.28240861526031497
0.3460271847999634	0.2681809137979977
0.7828180347823733	0.2491480379381762
0.7146625675600246	0.28746048961299175
0.42289359825163453	0.3030545165279553
0.7233367488623004	0.2871114182659987
0.9775775810290993	0.20962754905713785
0.9123942580724715	0.21211814264361797
0.8645075445614155	0.2173849976081871
0.9446313947838778	0.20982885384871858
0.6204531815266212	0.2854655221687979
0.44556327095488096	0.3111857835536015
0.3661145630170005	0.2784310812751324
0.8174605699589971	0.24549707578730995
0.43749156527682437	0.30839730018449796
0.803431217029547	0.28080578544263585
0.9741910920843558	0.18047422253848544
0.40154492047185025	0.2945279868125061
0.9594929334025901	0.2094018061163923
0.37537808697751124	0.28288039223678874
0.47193234966782144	0.3194961464612537
0.622733680100331	0.2856510493270659
0.898733670455556	0.2360585824844901
0.6617856447298789	0.28772854307275814
0.8352991812220679	0.24338884731222124
1.0148445660022485	0.18241352290678642
0.41348494070353864	0.29940258059999897
0.6592995094189624	0.28765662163334804
0.741346527394633	0.2861429356014941
0.837373388729177	0.20395743490961493
0.8873561669515491	0.21471600946973654
0.8162710177674615	0.2456335604763152
0.7286444712426864	0.2529110697248856
0.7751059917864239	0.24984808797446542
0.857807643896263	0.24065050008783917
0.5953362581734706	0.28293485763322673
0.47240300737784346	0.3196335875458641
0.3046416567290923	0.2443868658655506
0.7801990677212524	0.28309232632903114
0.9074748365568684	0.2125869229209052
0.9485412620049918	0.2096701795827571
0.9343447306965038	0.21038477025530056
0.6850888540339248	0.2880227867615528
0.3653062199143462	0.27803459362824245
0.7947020490821679	0.22522090911104722
0.5597725675096704	0.3389723460458756
0.9596972126582847	0.2093994580467332
0.8291293706004682	0.24412910500053864
0.867506927634456	0.2005892541318292
0.8787260153792393	0.21570406637983697
0.7175726872301774	0.28735225322413904
0.4232891490172759	0.3032044403255578
0.8275551393041958	0.22175638780465567
0.7829501348081561	0.249135636931611
0.5289863567628194	0.33350987221327877
0.8657559420769582	0.21723579107064406
0.42634325970443515	0.3043522971314621
0.9500537312531302	0.2096172461526616
0.3866423900237907	0.28805929313406853
0.35158461079119535	0.27110014802887183
0.9953958581603487	0.19357280976772184
0.4192148747874479	0.30164628933017024
0.7775220048610875	0.2496339292485041
0.4061641349240082	0.29644597201947787
0.4543035779683751	0.31407459123548287
0.4134695980824795	0.2993964901438024
0.39665143083989507	0.2924514247853264
0.8777066843249383	0.23829492666002508
0.8816931262978935	0.23784470187354376
0.8478610123060839	0.24186189185385745
0.9674905200829581	0.19285028758574416
0.7695372159104193	0.2503230610451694
0.6055818684771426	0.28407602637230783
0.314813089904824	0.2505743621221389
0.6200349969540644	0.28543071266428655
0.7993640022843089	0.2474965192707346
0.6685758751464933	0.2878845868330243
0.7889222508249986	0.24856126255970862
0.4162901826749175	0.30050872770557036
0.9617513571841568	0.19293069215803213
0.38863154825334584	0.28894776296238783
0.5997843517088013	0.28344890920979404
0.6463925870963868	0.2871535843629966
0.7748013094506404	0.28358261919225564
0.6468389240285454	0.2871746501933401
0.7950946100232518	0.2251834617468364
1.003434149317393	0.1814537064423083
0.8386413137335683	0.2429844702260622
0.4435241494940514	0.2471996238260707
0.8066875437296749	0.2467085521592112
0.989069872061694	0.19323016455174277
0.6652165996605084	0.28781474307604327
0.6349835862084108	0.2865243158786135
1.1113866751122243	0.18336880250663598
0.4249398805989469	0.30382698785648626
0.3839626742332475	0.2868500663820954
0.5900100703062074	0.2822814646274615
0.7044916142032956	0.28776629050522307
0.36167135020567853	0.2762352594205265
1.0209238364197362	0.1830745380408915
0.4621008074057495	0.31653869331067874
0.3956540426282483	0.2920225068175506
0.3657806247518367	0.278267447524342
0.3642964996254532	0.27753746408228824
0.40235645905000056	0.29486791022741804
0.9771293668407569	0.19287887103154194
0.8381789776711962	0.24304052323545391
0.9261474595244878	0.2109545577071001
0.3366902598966108	0.26313089419038194
0.9855229024506805	0.19308686036961975
0.6756311271929744	0.2879849453801057
0.8497498193948091	0.24163141651205716
0.9874522289248583	0.21017132565979502
1.035199054758755	0.17468514251563147
0.34063507972531837	0.26528685928259815
0.8802624039589793	0.23800515273395778
0.6518253035254357	0.28739201873248293
0.9434163585108692	0.1936112077603757
0.4131629079415381	0.29927465252071866
0.7014172275758674	0.2878360170119482
0.5824321362728593	0.28128015219112446
0.4152853663191669	0.30011421142271727
0.8379544128897224	0.24306773704555373
0.3937129797272082	0.29118223744286187
0.8475968447442149	0.2418941261170274
0.6743306486722407	0.25344724682624026
0.6157263232788363	0.28505777293056506
0.63163448676092	0.286306080981157
0.6427177508295617	0.2869700293929966
1.0395927766140496	0.18581183656336994
0.9135954045203116	0.21200751107379429
0.4095218382570241	0.29781462469330805
0.3729197809670813	0.28171651743467857
0.9302955396217012	0.21065332569365697
0.6774919808994484	0.2116711262880698
0.28471312059970105	0.23161674540867236
0.9227332973067515	0.21122095015742834
1.0084509306227114	0.18183194391971513
0.34103609038454286	0.2655041893425978
0.36226479361624303	0.2765308679499715
0.6060227446779275	0.28412174066465085
0.9196209697354416	0.2114773475970833
0.36562665888438894	0.27819192605026705
0.41339289656972117	0.29936603582345456
0.9399979983781762	0.19380104293550074
0.9184167647619036	0.21157984577451253
0.9823668608637833	0.1929875415071006
0.622236712651969	0.2856112377541259
0.6850230796815482	0.28802289997616226
0.3408526740131052	0.26540482771997176
0.594021487655723	0.24707598564430622
0.3800963461234875	0.28508035140378174
0.8946016593878067	0.21391608014509708
1.0278229117086348	0.18395820793560363
0.8535936009310117	0.24116276267640988
0.6773966316172021	0.2880003469318089
0.8948842313820482	0.2138855449062942
0.3746313627820844	0.2825281412380094
0.9737833947912569	0.19284459039140353
0.8057489652473757	0.24681127025623117
0.31623811947162983	0.25142344145693724
1.1405475481351963	0.1761699059085335
0.6207320893623345	0.28548860232316214
0.9261567878046183	0.19473854960937823
0.7251629521102723	0.2530507354441186
0.48519895608690583	0.3232273352231658
1.0815497019780043	0.18428593515295424
0.6773639167358242	0.288000096605309
0.3871173091969627	0.28827212537861013
0.8741459846398179	0.21624005569129953
0.5987900674737596	0.28333649036730574
1.0212730205363256	0.18311580275065992
0.7522361523483201	0.2854096950504668
0.3591880250665145	0.2749904343737186
0.926433191281163	0.21093300061315867
0.7610178423265064	0.2847448166254382
1.0316985252150002	0.18451927853431133
0.6537653852760874	0.28746772265422366
0.7286098184523971	0.2868610302575628
0.9726982220469197	0.20947492648691204
1.0044288107233394	0.19426809218473817
0.4755299580675546	0.32053719164206945
0.5666667148364682	0.27892383916319563
0.919150153890366	0.21151720844818891
0.8508197158382279	0.24150089466175523
0.5822279888848154	0.245361058052994
0.4814647043088767	0.3222068943121814
0.4253060879992178	0.3039644155809676
0.8436489953798751	0.21988092158712316
0.9586877315711988	0.20941205702266208
0.7286266286089058	0.2868601870052673
0.6326237884909168	0.28637214305454955
0.28938459430643027	0.23468702718715745
0.9157479561795843	0.21181324976999227
0.3882100598306553	0.2887601514505382
1.0402848039528518	0.18593496595893882
0.8734717700221808	0.2387831004330349
0.40023657080320535	0.2939773044537642
0.5848006531118162	0.2816022043946259
0.3827911704125224	0.28631696808597107
0.7338427149660711	0.28658498401680366
0.4381861442061429	0.30864185139325223
0.5652819509978072	0.2786990652426073
0.3369373782760918	0.2632669153787445
0.9001142985811577	0.21333062323190016
0.5452771750782851	0.2751265289077668
0.7281559839853664	0.28688368888013355
0.3613689037327543	0.276084326455846
0.5973463685802167	0.28317071148968487
0.938583726939503	0.21013268012672276
0.7978581329741011	0.2813758913240071
0.40760492776931884	0.2970358852824432
0.7661968831904019	0.28432423549683866
0.8191523176350843	0.24530192623981872
1.2059509872397216	0.2124151176345163
0.408509011319022	0.2974040352701579
0.9801673031290731	0.1929335333579834
0.639499501179412	0.2867943924058469
0.6048071779847128	0.2839950243766381
0.9826746913204248	0.19299608649348626
0.882709508085922	0.21524395134422195
0.7613900509135284	0.2509689161204966
0.7573735304494845	0.2512648947679283
0.3858759453033636	0.2877148791039855
0.5957258171692522	0.2829810245112705
0.6591221300910384	0.28765118493024217
0.6324518819801672	0.22693555967646922
0.9880252555748416	0.1931844074645183
0.5752359457911539	0.2802506543339433
0.6837574783705505	0.2880240602218658
0.6648800297799704	0.25316035334445547
0.517228414312833	0.2690752893308721
0.6846449322481317	0.2880234495225311
0.6813984692643779	0.2535851809120334
0.9464869162805052	0.18113678665242924
0.9024647215796829	0.21308807453061127
0.8325380873882036	0.24372126161979452
0.8252446091779955	0.24458984279635607
0.3521035900991726	0.27136948271585254
0.942938185917335	0.20990698299848978
1.015864600420361	0.19552696246238738
0.6959624780368285	0.2879331301569988
0.682427280470294	0.28802318744589356
0.6481950547991925	0.2872370296248336
0.5870301879997799	0.28189779867402476
0.9961684560516254	0.18102188509140338
0.7171123317464397	0.25332111976624494
0.28828639532218364	0.1746051217806088
0.7312947974329401	0.2527957211191488
0.7111387800604714	0.2875793203286337
0.9487539753294536	0.20966244414712262
0.427335644352679	0.3047215763080067
1.008432678602771	0.18183044537074097
0.6132351688306836	0.2848302191024187
0.9622516069258266	0.18059667669236384
0.37136455307416644	0.2809739272269787
0.3120068841052383	0.24888955982907449
0.4001632462948708	0.2939463448817225
0.6473971164615253	0.28720062206719266
0.8079433794149491	0.24657035696951604
0.8181478511638938	0.24541794071750475
0.47106483879675165	0.31924183104510756
0.40760492776931884	0.2970358852824432
0.9629556429242673	0.19290812912496763
1.050875471600342	0.18802434914818678
0.9280566812512865	0.19459514518354673
0.39474651078491824	0.2916305548774002
0.29397379317562095	0.2376574863359453
0.3790507215249882	0.2845966434228453
0.7476695953681316	0.2519157712488015
0.4322614310317527	0.3065278147687448
0.9023667620917941	0.21309809264475624
0.7896622984309501	0.24848826370159954
0.2813396533864178	0.22937043635668397
0.7471930157048158	0.2857623260130084
0.9967479440686734	0.21100214542358564
0.7998002333089641	0.24745048228675845
0.3510788913630387	0.27083715742079784
0.7246456114162432	0.28705191493127186
0.7410088913862656	0.28616396411461825
0.844056990204178	0.24232586161263087
0.6864707672083725	0.288019202686123
1.0076520307979668	0.2124239907882316
0.9749284173854778	0.20953567705549897
0.3054633454054898	0.244895001127276
0.7821707636210943	0.24920860631342084
0.9819798318269796	0.19297714402720614
0.3684654085614526	0.27957661760619984
0.7373815589992714	0.2863831676431979
0.5909468822292204	0.28239939145535675
0.8151871751530363	0.24575736926420674
0.6135883688595294	0.2848630157582386
0.6521136920835819	0.28740358510796554
0.5692311665451123	0.2793324663219241
0.8465269668608798	0.2420246625344316
0.7519990748022992	0.28542676230176967
0.487124707403948	0.3237445326660375
0.6388507983338609	0.2867572971765506
0.4022087354942133	0.2948061283633335
1.0144800430744796	0.1953506900310645
0.6499206761122064	0.2873128760981638
0.36033854045126507	0.27556872823024886
1.0087233211983628	0.19468916888678142
0.4117713678710245	0.29871961524054963
0.40170704422392084	0.2945959954529782
0.5107522369633315	0.3295980521299561
0.36903724386496406	0.2798535718801928
0.7638673200115746	0.2507788803242133
0.2902433617731956	0.23524633521003738
0.6704622607136547	0.28791753949556825
0.657526940713	0.2876004588067714
0.8564337204855134	0.2408172626777607
0.351319563538717	0.27096238098179243
0.44178024474352684	0.3098934163097605
0.824755679188785	0.2446474874671642
0.3830938753100058	0.2864549755458255
0.6618502894095585	0.2877303068587919
0.913634609754036	0.1957835675720083
0.42546543767789347	0.3040241380107703
0.6821482541270152	0.28802273149251284
0.8614938927554782	0.2402047275547439
0.3479861555987337	0.2692172718488291
0.4685449482799312	0.318495848045629
0.9149719482627754	0.21188267907867692
0.9017342989684511	0.19691091039132871
0.8368315730488296	0.24320368242545173
0.8522858948724661	0.2413221079536185
0.3945739855558603	0.29155586248711524
0.6373651826558426	0.286670197842661
0.40004596649812896	0.29389680470006607
0.6960618068268967	0.2879316691286692
0.45209484436455477	0.3133572878355472
0.399709057233001	0.2937543435117321
0.6711947878970154	0.2879291269625931
0.33088259147332316	0.2598969787088873
0.6760396087162062	0.2879888521205362
0.7754624138359462	0.24981679673260718
0.6597672754867777	0.28767076341471076
0.3177660407978758	0.2523289786705887
0.6882328438792648	0.28801130589463797
0.7324445620802963	0.2527432787963349
1.0633877421516138	0.1797436179320518
1.0102069378867768	0.1819803724378271
0.39685423696088473	0.2925384040746427
0.8564205100338462	0.2408188674625762
0.6695024609207287	0.28790133427766024
0.5727167365948669	0.2798720197108801
0.290303655914994	0.23528554460012496
1.0245236192208504	0.1733536848624736
0.8616087843830211	0.21773208407894803
0.7901909194685394	0.2484358808057233
0.763118497361599	0.21053703372980698
0.3993725486564282	0.29361183354663195
0.6484026187042944	0.2872463615639859
