mu	sd
0.3396066976672986	0.22421256118413221
0.52063132957163	0.2836243148569876
0.25258096372231875	0.15366908992810968
0.4242544445941373	0.2832364720677237
0.35606921841478256	0.2371573156347998
0.5141818079103031	0.32529858961532315
0.4168264063953761	0.2788314903140554
0.3746334626179695	0.2509493690967483
0.6442510940410469	0.3157610243495727
0.9559677826655125	0.21006989894637315
0.6758967556448332	0.31850219295772314
0.6642351160076162	0.3177392071488611
0.30145393144398425	0.19241095772555156
1.0407054101164315	0.1398218693733355
0.3879729008741772	0.2602918448869992
0.8111443697745265	0.28247536215101837
0.4702319738775481	0.3072627796101931
1.071876337208189	0.13517436478314598
0.7964054295966428	0.2855064300458503
0.4111081515496578	0.2753384589170442
0.7605245628223662	0.29095469591425505
0.8119942191182746	0.2822865548042984
0.25729674496944316	0.15697949774353998
0.3603763800955251	0.2404367166398358
0.735443630582072	0.3179830606495619
0.7479846978531142	0.29221102103000424
0.5732795146748948	0.30166410526519105
0.7101644750394699	0.31909881151326824
0.31720597806652456	0.2057350019183542
0.9240979661323918	0.22489739721806234
0.7401546741619675	0.29282471040624214
0.6983131826176624	0.3191684899152535
0.8297055834395806	0.27800450156155854
0.8235508745584382	0.27956753155413555
1.0897252234612405	0.12989473409155347
0.48937393380804295	0.31568747224049454
1.0441435700866715	0.14674886352907224
0.9117173245899478	0.23026872018973796
0.3806331279687341	0.25521125519133364
0.8158927744738053	0.2814008497097675
1.0568690321184353	0.13122233296574445
0.9858256719862413	0.16772868388719067
0.624815283102392	0.3130130144521183
1.0498142032264024	0.15490706387312037
0.28727825186255607	0.18047903810594587
0.39094257950454986	0.2623055232888746
0.42352571010765067	0.2828109089157644
0.37735096556578646	0.2528918286617469
0.6738677187424643	0.31839001913601356
0.3698756678701081	0.24750076810012858
0.7166454940385683	0.31893801852558695
0.9598630584420107	0.1924034542944016
0.6011252979627337	0.3085414224796735
0.5390630915860565	0.29071480311689046
0.6307108383858804	0.2874165332041565
0.36629682027683375	0.24486706318881532
0.3575581131281021	0.23829621129401943
0.3968780754485562	0.26625763602400704
0.3910159720246101	0.26235498259421475
0.5953783807518089	0.30726737198637055
0.5863611023904576	0.3051168927003787
0.444550573584095	0.294520091236048
0.7446657205341876	0.2924872009895422
0.40452128662003745	0.2712041551224156
0.427283565369217	0.28499010418412785
1.0357130724794938	0.14905104528420732
0.9297666979000485	0.20624683158404172
1.019180741149646	0.14552800150651532
1.0285360905104288	0.15125056440528542
0.9406880257668014	0.20131738520477838
1.019404619428204	0.14545945862731444
0.38972407048589813	0.2614822064966175
0.9655331924299861	0.20541670140286283
0.3738847479487663	0.2504106952138835
0.3773397287841583	0.25288383772411205
0.9304884821925036	0.2220304522806439
1.1005762290950896	0.12049794906343593
0.33098511064092967	0.21720020195646628
0.543050531545349	0.2921369967505795
0.41365525609169884	0.27690537340220267
0.8198404577721984	0.2804712500948625
0.6728071866259775	0.2926293159465262
1.1036094773053367	0.12690847517475515
0.4046117489190724	0.21802107341161076
0.5392743815962441	0.2907911499367066
0.31633806778912105	0.2050047495717941
0.6266669385602934	0.3133102520890834
0.994100610293155	0.1763733333201452
0.8051387065994134	0.283766025208721
0.9508838096805674	0.2125137769979118
0.7220059147250492	0.3187396734386866
1.0366264712478468	0.14878645624600967
0.8180714378351469	0.28089188888533373
1.072830674086394	0.13510566631068
0.3906737471501005	0.2621242304698946
0.6405295276627946	0.31529819004103626
1.010472570708773	0.1691250206023309
0.7056893710728609	0.3191592581949236
0.9432839970414456	0.21611874558318206
0.6143056505322192	0.3111830900928121
0.6136159644204929	0.31105446764629346
1.0644560461212544	0.14261484695529345
0.783734759204761	0.28774348953378015
0.36419596260254733	0.24330535824640195
0.7544732340806499	0.29160295290051486
1.0375434747246632	0.15868638317036354
0.6450691266452652	0.3158587620566367
0.6307176964198402	0.3139343632064922
1.0049619603856184	0.17150817162797422
0.930579155821621	0.22198934044208357
0.42301709812763383	0.2825130444220888
0.585868829567154	0.3049941324608011
0.8279257664527285	0.25896328983877
0.8268098031434494	0.2787498384650325
0.380954828063089	0.2554370180567459
0.9159790370368188	0.22844824219126597
0.8753639506313032	0.2639452180716191
0.9789560870910217	0.19881540552103694
1.0204491742299326	0.16500176023845406
0.39361737533103647	0.2640985096285173
0.9376805901766401	0.21873395010836036
0.831463923248622	0.2775433231600677
0.35548986861445	0.23671266424414888
0.5678486314089997	0.30011328795463343
1.0214289962949672	0.15362548058865907
1.0945704765109452	0.13480936518830464
0.5572095593829041	0.29687265677151015
0.3606564487222539	0.2406483308700475
0.37287770665130826	0.24968379108265848
0.6189608396994717	0.31202370086909886
0.9661215592274477	0.18945330086707962
0.932691062338885	0.22102847961891423
0.9500363270622308	0.2129187984962806
0.3443307810450026	0.22799052351955354
0.9142188250370122	0.22920387134202258
0.36859862720289316	0.24656486327174124
1.1154167038908562	0.12829900900165433
0.4733916563282324	0.2614103622358734
0.9120175212277133	0.23014149476967108
0.7972510161347941	0.28534499494339055
1.0672165579645185	0.13557456636333645
0.4196911463435617	0.28054801916110755
0.5035438273228752	0.27627437467631094
0.4205498877447377	0.28105823956509557
0.3167779884832775	0.2053749877669315
0.37658873708085727	0.25234900255896575
0.3148807703506881	0.2037769976002784
0.4700029696460729	0.3071565283032422
0.9280073449169522	0.2231507771455202
0.4046787539991893	0.21806970874088819
0.772580614312708	0.2894300583112187
0.5628147209271843	0.298613590961986
0.7592955633137742	0.3157299525229625
0.5636292573517613	0.2988603376255837
0.5809731092016012	0.3037428540308582
1.0344383976936613	0.14942621982897314
0.4155350712199491	0.278050450491272
1.0982375764185972	0.13031886295312492
0.598505672855265	0.3079699374529996
0.6938141317537186	0.3191187382104224
0.35497062070017893	0.23631343536138635
0.5742741707882417	0.3019406280400453
0.9472430158961183	0.21424856210562856
1.0021212494629896	0.16090096851408942
0.851737105473335	0.27175863417103346
0.41279791596813264	0.2763799348420493
0.36387788648733416	0.24306790938672307
0.6789762867797119	0.3186559306485912
0.9420431441589969	0.2167011903602569
0.34215334685213367	0.2262551766715519
0.6268230819225739	0.313334973859625
1.0994620146879994	0.12327229714131686
0.590813325444402	0.30620190041476664
0.4166715677216713	0.27873807809387613
1.0144199985914362	0.13959626482258763
0.6183626905723478	0.3119183726946198
0.8488263645014473	0.2726418408876735
0.41483675686267646	0.27762619958117846
0.3905516926190573	0.2620418548662694
1.0701745723235836	0.13530809509524766
0.3678904900088282	0.2460440314761587
0.4587360079556979	0.3017664644087875
0.6467873700036727	0.31605937388618566
0.3721268734150854	0.24914005562360875
0.5539282444596892	0.295818495093939
1.0612524920305437	0.13624163551749235
0.44276778309828746	0.29357251758474556
0.9930487510921072	0.1918945718904708
0.5448196589890529	0.26383127348754193
0.9200814112949945	0.22666728938065486
0.6363100049913708	0.31473726206515645
0.41956264528204584	0.28047149874691973
0.6432544932392353	0.31564000644678103
0.9157417122964043	0.22855042380559232
0.4085132505909237	0.27372392367169146
0.8381079736051769	0.27574213267615844
0.720060164895184	0.2937967170899216
0.8883557151907647	0.25916925877235525
1.0722769847822444	0.13514497156144262
0.984701042210947	0.18071255712679973
1.042507252961551	0.14717062742088322
0.9993468401745306	0.17399905944313054
0.7318967821074305	0.3182187390731429
0.5872557287901355	0.30533856340191434
0.4915883327843541	0.2706749000922676
0.3675850608619624	0.24581898132923863
0.8876066103549045	0.2236668589680148
1.0525409600320283	0.14478544357473225
0.9653224398711343	0.2055198462220704
0.7143731456397268	0.31900425041720376
0.34885993390457926	0.2315659539118179
0.7206637572060538	0.2937801973216093
0.686473435661527	0.31894719329822546
0.4586853110332605	0.3017414862112743
0.6118949988501525	0.3107289106076241
1.0221588578840088	0.16432386958056283
0.7243931057117731	0.29366068431810566
0.5512291032824431	0.29493186418920003
0.6701247003114165	0.3181603700881371
0.39165338208204453	0.26278391152186226
0.40475920150161304	0.2713555535789526
0.32985752310095084	0.21627282566480915
0.806140972413832	0.30793163260300843
0.9066249594803855	0.21616784830078753
0.41458596525499775	0.27747351092454864
0.8461440830991321	0.27344015019571505
0.8787461961069425	0.24324053911067042
0.563351787532031	0.2987764613493813
0.8217230688034558	0.28001634594757163
0.663361190865095	0.3176704658509036
0.5082317437230565	0.2783665656311922
1.0149823987450723	0.16722778358019075
1.0789638879265446	0.1347732984001986
0.3333794022021365	0.21916185511369943
0.9568112778708395	0.16945386021582937
1.0462791934144504	0.14621724428547314
0.823852293541017	0.27949284209226805
0.5399090333820745	0.2910198079515509
0.5731995587503931	0.2736331345133124
0.5883716772699796	0.30561249726728695
0.34629643898208906	0.22954802252586684
1.0309059913781495	0.15050119073996285
0.8183075324137199	0.28083613227407056
0.5569023577779523	0.29677506482971877
0.9004746264289608	0.25441785007001444
0.8820628700590744	0.2420296259607443
0.7031097043947478	0.2939384945691667
0.5818037011718576	0.30395904300114335
0.8453662357467836	0.27366885630011445
1.0262250734977898	0.15200230059030947
0.737098639312821	0.29302854413029084
0.854904332975492	0.2707776673977648
0.5990473049314934	0.30808936849106305
0.8544575248533658	0.27091731109065376
0.984837503423797	0.1806489552213751
0.908543214756835	0.23160440149147518
1.0423421782660414	0.14721386224621683
0.9207484760102801	0.226375116906243
0.40495769806209175	0.2714817491524521
0.3665472721367682	0.24505247060443805
1.042005979062692	0.14730230265855057
0.9739466452766479	0.18575987175495606
0.7660853854687049	0.2902900032101565
1.0380671019098824	0.15851092424770316
0.912581174256282	0.22990219787384644
0.706688012610831	0.3191493552897695
0.9211690737676748	0.22619053072031858
0.6330167924848408	0.3142726762067327
0.4158150859786368	0.2782201969539426
0.3458936397033543	0.2292295739947819
0.791145017138751	0.28647660923184204
0.3250559126710175	0.21230019068558434
1.0767075548548657	0.1348734762818871
0.3250931966906552	0.21233117651091263
0.9777415544093225	0.1994140537296666
0.5915130688596916	0.30636830174007407
0.4187506805919344	0.27998695238439153
0.5303387874792983	0.287465303390161
0.5854680790024654	0.30489378381058957
0.9860076620643996	0.16764999870514388
1.0131521571468551	0.16799152632390807
0.5558282630410541	0.3382747898673957
0.9459652395696558	0.21485408438014816
0.34861308243815375	0.2313723008504287
0.413849369155609	0.27702406151822545
0.7991812851132338	0.2849707901568283
1.0044630085305573	0.1717271209722134
1.04668319030328	0.14611911005539033
1.0094493394354633	0.16956242442261324
1.090087086309321	0.12266740497587268
0.6923232483116849	0.31909297517772073
0.6560906893682237	0.3170357836395083
0.6264522955949092	0.3132761811549943
0.34886908585091025	0.2315731308012418
0.3948767505929905	0.26493589140751245
0.35931139375405197	0.23963021073359356
0.7181469123026959	0.31888842346542123
0.6119140950463418	0.3107325591804618
1.0472916336934173	0.14597278904162916
0.3929106964760765	0.2636267157026082
0.8675000848057038	0.2666722066718168
1.0829764640345625	0.1297878531902968
0.6906795034004153	0.29364522771754475
1.0262515860691317	0.16273964895125453
0.3862876815751188	0.2591383708140088
0.4195341004666256	0.28045449467930966
0.3956041291726899	0.2654175517601616
0.34451621544334093	0.2281378245330215
1.0947994430881154	0.13481972611716017
0.41873646448162455	0.27997845290106343
1.0168828530286125	0.13892074858826867
0.7171319660863947	0.29386568459824874
0.4069945626308012	0.27277045801791955
0.4142659721009488	0.27727844194139867
0.4085902771627576	0.22088862339905826
0.5681992304955202	0.30021550183233287
0.9816426473008493	0.19749145738343765
0.3298653142498215	0.21627924099240134
0.7158193161110544	0.29389058238506066
0.8414620963501377	0.27479772059621077
0.3739946190016709	0.2504898378771382
0.9479278779301972	0.21392328747107178
0.36956601844571146	0.24727423225213369
0.3918376980738996	0.26290773418874985
0.46430306078486305	0.3044696770327252
0.49303808445290626	0.27137427728006436
0.3510942185836004	0.23331220047491255
1.061818975351432	0.14303008692258126
0.4329091186991511	0.2881817150939133
0.9643367580259419	0.20600193511603135
0.3712071440933936	0.24847195671844982
0.9845639237886873	0.19605313558926024
0.499106334080183	0.3196308909866465
0.8519937025090459	0.2716799325083078
0.8131147545298185	0.2820352744269585
0.5831972636192061	0.3043181778987503
0.39160426504059936	0.2627508991561034
0.8464517037386328	0.27334935470132204
1.044049520831374	0.14677276811628118
1.0703325695163797	0.13529507502012178
1.029144197455398	0.1752949631236763
0.5193457837667128	0.28309765401340276
0.6362112110684205	0.3147236671398749
1.0321188934097254	0.15012632779136953
0.36841862083140875	0.24643259490100222
0.6184673402044483	0.2851405607622387
1.000327964783395	0.16162708547569282
0.43718880893364104	0.29055338566930894
1.0189215434472774	0.16561506359940376
0.42024891892822536	0.2808796462709487
0.3993255982980522	0.26785909336650804
0.8353627120079175	0.2764975891916402
0.41300499266873764	0.2765070295727419
0.3522168067714428	0.2341850906972945
0.6972895815282296	0.293843186777611
0.37570796414265506	0.2517197995314401
1.107886343701591	0.1273460698743318
0.8470341311987235	0.2731769095702233
1.0221237724451755	0.16433768849533964
0.9109701585125899	0.2500804415465161
0.45728654706141275	0.30104973840893945
0.788158287927324	0.28700127861257135
0.561777231437531	0.29829701651058077
0.7987162740119271	0.2850616610414039
0.9896006622943855	0.17843913670052883
1.0184390489715163	0.16581021956338568
0.8518173044341081	0.271734050751686
0.7726333279288141	0.28942271114715595
0.4493100074653662	0.2970092411410253
0.3457685917525945	0.2291306374938749
0.9023293379474101	0.2341677731849382
0.5982630435704508	0.30791622200090357
0.5564420065227046	0.2966283953155212
1.0068749465618505	0.17067341106907163
0.3551626959803597	0.23646119191717246
0.40170311692405114	0.2693989776976122
1.0759598700273705	0.12988673044203017
0.7136384221840939	0.2939237035534535
0.5851040418508215	0.3048023077792512
0.33241078602963886	0.2183695194633528
0.6492102358901034	0.31633148911281295
0.5475160032829143	0.2936832453442086
1.0713955768899668	0.13006468055582154
0.4569841808698296	0.3008995499153581
0.46483929466818175	0.2567404167007799
0.6765182086357457	0.29289825316439366
1.0124936424262532	0.16826843517156462
0.48973073343185725	0.3158360410853354
0.7940031883869655	0.28595676928086156
1.0122182153949255	0.1683845777220283
0.8180377044128174	0.28089984583167726
0.7082718612572677	0.29396131773515044
0.39335668018040904	0.2639246237993273
0.8638268361825914	0.2679030217682309
0.5281308397049372	0.2866126608620335
0.4276986248284354	0.28522847436691645
0.5976103393579417	0.3077710592403984
1.0097833686979538	0.15788637711594225
0.6984169420757583	0.31916914170301247
0.35102903658985685	0.23326142412927753
1.0258564007880255	0.16289015173230686
0.9417594035346533	0.21683411705834996
0.3977537543549512	0.2668325006108416
0.9446709627999972	0.21546558008351677
0.37558572893471454	0.25163231223389804
0.8307014109315775	0.27774411321355075
0.500801722118785	0.2750237228096139
0.8762366024284634	0.2636349259737049
0.37643227866922074	0.2522373854060403
0.3702931333232868	0.24780577790919678
0.9274990191330719	0.18189608128274495
1.0149895953471684	0.15592930380330897
0.5437744415735168	0.29239098709422884
0.79535184672275	0.28570545027583966
0.9737142115239913	0.20139843536624746
0.3911261208010732	0.2624291842106653
1.0003778140521296	0.17353750291149167
0.5835780239759214	0.30441552303217057
0.9270689305201436	0.2235721424944255
0.7651859972179409	0.29040198400973316
0.6652675251224411	0.2919887390713027
0.3616412261115503	0.2413908165161619
0.40625979307647553	0.2723068860760534
0.3865018528547504	0.2592853953744184
0.41639034925550084	0.27856825601165847
0.9106585264365336	0.2307162088796201
0.8075860093526367	0.30762022948488776
0.5802160059943574	0.3035444003215575
0.5761978539764675	0.2745496989811356
0.9186843463679946	0.22727687835332985
0.48934117716806735	0.2695796440912269
0.42284300127031516	0.2824109258431685
0.4166856390212737	0.27874656982114876
0.7390518741104377	0.31771686755653455
0.907316475178203	0.23211590628132914
0.40191134765536246	0.2695331059715604
1.036447516446617	0.14883801320160797
0.5128969086165589	0.2803914774711686
0.5414108004426551	0.2915569097971719
0.3591726660823871	0.23952494134168797
0.8661924641495485	0.24762376337576864
0.5783182231683586	0.275184401863075
1.103328310816944	0.11818515529774244
0.34042392083147366	0.2248695407301469
0.8471311472636056	0.2731481164974434
1.018140656401953	0.1659312526320954
0.9482269904538272	0.21378106786497705
0.7936744251463943	0.2860174477220787
1.0021951696341056	0.17272835215241827
0.9410707374188727	0.21715633725423694
0.39181311101043276	0.26289122210503535
0.40092437982612156	0.26889631170641276
0.9176827799465993	0.22771194584857346
0.7426591891087663	0.2926427162480191
0.837040819064811	0.2760376737016794
0.8172276818373827	0.2810901898660744
1.1170573331217415	0.11967025275283892
0.739739966353926	0.3176630793203456
0.29807180267757677	0.18954742633864277
0.5136146663701752	0.28069799179435806
0.6356976748353647	0.31465265919663654
0.9959993274778313	0.17550938364406368
0.5561381104937441	0.33835701891111947
0.9987302410017096	0.16227997971885075
0.7826876932735717	0.28791307978950265
0.39277465572334874	0.263535734388855
0.3717691206863663	0.24888044946516544
0.6178999721175256	0.3118363506215397
0.976354213151989	0.18462540204983094
0.42755029743315404	0.28514334239369604
0.7833458589850271	0.268207168802197
0.3681860045122756	0.24626154205358256
0.3892996811004119	0.26119449957455615
1.0646459561345847	0.14258641654053422
1.2042352933895308	0.14004115458250624
0.24995924920893908	0.15188693130311423
0.7751090440914684	0.2890709768996201
1.0252996342233263	0.13677684811994067
0.4083244305590301	0.2736057220172832
0.7055437591488543	0.3191605299268653
0.40847277331592613	0.27369859304604244
0.9691547053841301	0.16423335835487063
1.0543593237803082	0.13722498402659453
1.0189530787743724	0.1544951038574688
0.5326045355410692	0.33151549394248525
0.9012544362714154	0.25410256863486913
0.40486503983078187	0.2714228544853175
0.32978742739537814	0.21621510332294236
0.593026241778668	0.3067243183114601
0.39908188217776003	0.267700364019491
1.0175013883826733	0.1550145308777612
0.3986210182558618	0.26739976257680326
0.6532282374704871	0.31675505666261583
0.5390793400359052	0.2907206782037983
0.32621022408330896	0.21325854278654124
0.6143823279129287	0.31119732478673645
0.4225966124234901	0.2822662638772874
0.735443630582072	0.3179830606495619
0.9142188250370122	0.22920387134202258
0.6250294436262277	0.31304777678903617
0.5993837552297916	0.30816322259617107
0.6985622121232183	0.3191700167345201
0.3466106360612382	0.22979616634935496
0.30457248326587977	0.19505436327978246
1.051111352191686	0.14509530709256496
0.45412909907673527	0.2994698781117457
0.7817097230305264	0.28806937118305304
0.4005233462594095	0.26863679905503024
1.086494887472353	0.12251008197229453
0.3679131830237956	0.1898610790233827
1.0254297286824903	0.1436835017442793
0.5872009098008019	0.30532503322807625
0.5012734361362073	0.27524028575565784
0.31574990409613074	0.2045094621547061
0.4342196834299825	0.2889131458988364
0.8935931891361324	0.257150321260397
1.0313819215797266	0.1608367894603133
0.4160113308841911	0.2783390346416377
0.4048385745701726	0.271406028529053
0.6380507147712949	0.3149733318129348
0.8319276528390445	0.2774206133633565
0.8934546925194595	0.22142996175106613
0.7647096978240009	0.2904605876371635
0.6777172234806232	0.2929786295442367
0.9498269046744321	0.19710109057686742
0.8547024409237478	0.25135239858250935
0.8757315806410523	0.2638146845563788
0.6451689369210356	0.3158705888146727
0.5578588852709441	0.2970781885634702
0.8181894937425088	0.2808640232603313
0.7782991331536739	0.28859849078258065
0.8412662440122158	0.27485351265874525
0.8160618693357925	0.28136170622528583
0.39091812243938645	0.262289038356497
1.0104381645314828	0.15763592029823859
0.6349082512955043	0.3145423884304695
0.6319155241036415	0.31411205955724075
0.28757586391674905	0.18072681372023017
0.6011440533989757	0.30854545824020735
0.9708228086023146	0.18723380516225485
0.6193470232057573	0.3120912845658443
0.9000407337146317	0.2545927824359467
0.6433142581074832	0.3156473239849445
0.723522748208961	0.2936912614151383
0.5777870336731542	0.2750264439628625
0.3870504580035843	0.25966142917341206
0.8347261457671393	0.25717506879766505
0.27376020653371586	0.16945669437734973
0.9616432047147047	0.20731645172782773
0.6903783449502666	0.31905241610528196
0.3936670765503443	0.264131639545427
1.0890782654081668	0.13464801784198052
0.9401470754936021	0.20156459138758281
0.40873706991210224	0.22099363092187488
0.33643468855567416	0.22164947495325002
0.413849369155609	0.27702406151822545
0.9388627387984089	0.21818548629420853
0.9867803089680217	0.17974511144160898
0.9980678071865651	0.17457408697974566
0.838468768775568	0.2756416737493731
0.4305964343424721	0.28687985560484697
0.8110423327146886	0.2824979285048142
0.9360814406642127	0.1898645100665408
0.5564931299102491	0.2966447085740539
1.0053857334555767	0.1713226034740797
1.0289978475863497	0.15110282324717286
0.517170079562787	0.282196644622625
0.9380478550446503	0.2380133925356598
0.8526691811759969	0.2519835802965308
0.40738314878927345	0.27301502216522194
0.3697474571449528	0.2474070015171879
0.7856697092525428	0.28742395188164754
1.0643064124884414	0.14263738808352847
1.125431446353778	0.1340713715736332
0.9548123498883054	0.21062735139503083
0.9524555065418744	0.2117607935337839
0.36271438658844923	0.2421971049876091
0.7819193450326806	0.28803604249373105
0.883102038063716	0.24164574884296866
0.5588348787400008	0.2973852165981558
0.8260423178781557	0.278944420936525
0.9203741523378163	0.22653915739836075
0.8742921455196223	0.24483217780413502
0.4378090310127167	0.2908930734676156
1.0952229955986097	0.1301310726241256
0.3877927981719397	0.2601689424533016
1.054692532167539	0.14433854698247914
0.9745736002225355	0.18546428549435773
0.6089991471012385	0.3101662213074816
0.979108705625955	0.19874018050778366
0.44958710380897554	0.29715235039856464
0.44472638499589284	0.2946130874854308
0.8745437398675368	0.24474333336757978
0.632367643634812	0.3141783190208271
0.6139224003035175	0.3111117464683058
0.38906975039879954	0.26103841579841464
0.3334517801859204	0.21922099108534862
0.8228638626330645	0.2797370524134778
0.4864134585331938	0.26813217960611674
0.9387745162866894	0.21822647944368156
1.0988053659591672	0.12650290314599325
1.0686846551827671	0.13543693408721924
0.5796219877869051	0.30338776403174544
0.3676903078430245	0.24589655849494235
0.9691912763181941	0.18800406590049584
0.9909524833134656	0.17781606729306784
0.5423609100563758	0.29189383714027467
0.5697922683414552	0.3417763528824395
0.8929752021172407	0.2573912965595682
0.8761601189482316	0.26366218250734574
0.4434347750423373	0.2939280037639949
0.9252412916769004	0.22438898767066107
0.6301190555774272	0.2873145193262159
0.5546569096721162	0.29605483016929107
0.6138147193114848	0.2841839462033907
0.9894351354650345	0.17851556517708156
0.38224915739934556	0.20118403458847764
0.6183434042717928	0.3119149634232802
0.5875116298363546	0.3054016324423196
0.41201302487822467	0.2758971409980364
0.957242547065716	0.20945358268337277
0.8944010649325103	0.25683419701333154
0.35048096303349024	0.232834077464995
0.9102485668402917	0.23088895364306006
0.9277901579981233	0.22324841464913214
0.35492264570138454	0.23627651573404201
0.6671866847174013	0.31795943003264837
0.8283257155218896	0.27836186230052
0.9512082555355887	0.19645802495076345
1.012428433370462	0.16829591548438982
0.37984317482104984	0.2546556868642905
1.0757582031502853	0.12989270760725105
1.0267708554722703	0.16254271752450725
0.7791743898605124	0.28846506601950794
0.8388457489180545	0.2755364173337663
0.3752528607980668	0.25139386464360897
0.6488694618107372	0.3162939766936797
0.37737344159922936	0.2529078112684835
0.6378527232220025	0.31494681139212694
0.521876222471061	0.28413028760894465
0.36755350182502095	0.2457957135917079
1.0772890821134982	0.1298517044505394
0.352113493833051	0.23410488435633917
0.3869787964515591	0.259612356591659
0.7980442293157303	0.2851921787511199
0.4187506805919344	0.27998695238439153
0.7814651250713069	0.28810814259091794
0.9007570231304445	0.21854969941630162
0.700929123682107	0.31917811028161286
0.6302469295161478	0.3138636698809684
0.8843973072688863	0.24116429135763906
0.41785700734502906	0.27945158069214615
0.947261791624238	0.23365271704067195
0.8005750741042738	0.2846956716035198
0.646265863394985	0.2898097792078493
0.559383857126463	0.2975569104662384
0.8515927189867263	0.27180285943485977
0.6354607671223766	0.3146197086520816
1.0092442504579255	0.16965038683475683
0.4060066331828202	0.2721468227959253
0.9637822928186685	0.19055704335458787
1.1345183328052613	0.1318817895131555
0.5206159927847239	0.2836180566631726
0.6486289880025853	0.31626735562002695
0.6283080896710613	0.3135674265769593
0.693462028644952	0.31911307057550364
0.9200462646426697	0.22668266372728202
0.4171082378931921	0.27900134862401743
0.9747739057548269	0.18536987028622268
0.3998655240293143	0.2682101588593497
0.7042127353552349	0.3191701225859012
1.0007356837476746	0.18817309774356458
0.3173652050721415	0.20586889261286562
0.960674751398285	0.2077879548436461
1.0337568359967089	0.1599896786115117
0.943956635703475	0.21580225709238263
0.3852092201618786	0.2583961183443694
0.3517197869948765	0.23379899682732927
0.8921709540504047	0.23820621254628982
0.3956041291726899	0.2654175517601616
0.67030854425451	0.3181723385645431
0.8501790246311095	0.27223358857291907
1.0637187055118982	0.1515790885922762
0.9555831704208251	0.21025558575461628
0.3995825021540783	0.2680262349420172
1.0035745753953802	0.17211819112268464
0.7499004790659584	0.2920408619493482
0.4804903846637257	0.3118891790086576
0.5853952501058252	0.3048755076290594
0.9740059896184728	0.20125474423865328
0.33058444897958433	0.2168709343407674
0.9893089494639815	0.1785738481188197
0.7366721599509498	0.293055394935465
0.4008337457082279	0.2688377001577994
0.4212538653275469	0.28147501987676676
0.5448796033019082	0.2927762588009687
0.39073480768370744	0.26216542536681925
0.49364816230814296	0.2716668956212439
0.8768938441246205	0.26340022104470134
0.4343878669735082	0.28900667966410615
0.342578754111547	0.2265950301504359
0.579424148022564	0.3033354139620739
0.6422590022091204	0.31551698861808036
0.3620452130281925	0.24169468835354246
0.3401508872581598	0.2246502007194534
0.36779563208525307	0.24597416338986272
0.6045489087604581	0.3092649891713575
0.6419804651702486	0.31548218614607854
0.43762278878008287	0.2907911775961977
0.6395966476101939	0.3151774903689747
0.5144034070263565	0.3253779651018005
0.4544115298928452	0.29961223461949066
0.3684080392130962	0.24642481688167966
0.8529709186550268	0.2713789594674012
0.9671115886929214	0.18898595710106936
0.39046630720867487	0.2619842032249849
0.815672899745828	0.2814516577570394
0.3612685911822796	0.2411101556614334
0.8263260470829076	0.27887263085723435
0.4302508617478934	0.28668410147772194
0.5124641443710221	0.28020602167385755
1.0556722395370028	0.13702037465458586
0.7608780224440487	0.2909144118687082
0.7341710424736441	0.31807058526357734
0.8018541350304987	0.3088305430423947
0.6276433769572322	0.3134639730711495
1.007396123382122	0.15880943661392244
0.3983399673423225	0.2672161586635921
1.0998002526582284	0.1304327473875898
0.9256790504455455	0.22419379675959977
0.9220319196040535	0.22581097715287898
0.8833804353833159	0.22524353516634207
0.36877885828094253	0.24669721094053945
0.4247367946213112	0.2835173666082061
0.6163406624663154	0.3115564612346641
1.0261516704368265	0.1520265091864338
0.3708193375868398	0.24818957470505415
0.9865554971117059	0.19507394095044908
0.42567540742416526	0.2840621708151898
0.5910996676210271	0.2787758711043725
0.8976349066996672	0.2360579255854583
0.3760864058626587	0.251990405761941
0.46220621574303555	0.3034607116549285
0.957273565842329	0.20943856951920936
0.4181119401686031	0.279604523706741
0.3766558398467477	0.25239685328884015
0.9365270775390762	0.21926737961152773
0.9345983769986557	0.22015534121035177
0.41325377466171626	0.2766595666348852
0.945514119679995	0.23448852282809193
0.4870609299165164	0.2684542926445377
0.40421772990785426	0.2710107596474833
0.582074858324863	0.30402927480032077
0.8240029580328405	0.2794554367279796
0.48458865604761686	0.26721821488170994
0.9201778803922472	0.24611297121123074
0.5939695558806537	0.30694361909634316
0.9278358941150001	0.22322785955985885
0.44365752000443537	0.29404646092848313
1.0080131437061337	0.18471581876953622
0.7686051108111496	0.2899670849936839
0.628503706004343	0.3135976877641363
0.3780492563427969	0.25338774132882197
0.806438682305335	0.2834931298984988
0.6524233437474014	0.316672970508289
0.6096457296473043	0.31029347888435943
0.5851768278077588	0.3048206220001932
0.38706240464244185	0.25966960865451727
1.0264455408292377	0.16266598174076075
0.954943117250903	0.18146348522401623
0.848487710197668	0.2727434570816898
0.7327624266289879	0.2932833310604113
1.0358325747136474	0.14901622550549273
0.4846972821647366	0.3137117601942922
0.9083505787777846	0.21545639071835512
0.5838320298824055	0.3044802760287336
0.9556784647677817	0.1943686905281998
0.5476133658849643	0.2648879786287235
0.4087698074144575	0.27388437233522345
0.29664658787000486	0.18834269688074273
0.24492034475266347	0.14858349477204014
0.9664045679897896	0.20498999917090413
0.5412145486080195	0.291487037530589
1.1845617194459066	0.14611380187481868
0.7845237631293293	0.3120845103600103
0.7926529278187565	0.28620451593469826
0.8216000115376431	0.30438103694928503
0.7635273247371135	0.2906039727345251
0.6630867061753718	0.29177983660998974
1.0503257188534325	0.14526993104123012
0.9038426698970818	0.25304801357413537
0.6254969233621097	0.31312330846571806
0.7265129507924889	0.318527197317025
0.6187871289092856	0.31199319347471
0.8128432426390366	0.2820964048891444
0.9527603910230324	0.2116144551220337
0.5663526205804944	0.34095244465432106
0.8655847506710419	0.23150114819378087
0.42193137161885275	0.28187486399438244
0.33498244184479326	0.2204692937423524
0.9179305098054993	0.22760448783242931
0.8248227142472316	0.27925107820393785
1.062078244919724	0.13613901925903577
1.0693531648312211	0.1353777717356231
0.4722835394179488	0.3082088242359535
0.8264428449785711	0.2788430290241963
0.42676586572105585	0.2846921402575886
0.4343266947894485	0.28897266798544374
0.9717608375777917	0.20235991815141005
0.45047383888323667	0.24843401345688115
0.5490502416382769	0.29420324076168697
0.7219015991282873	0.31874409708642565
0.7466893116122093	0.2923216217890325
0.3753526443732607	0.2514653751965392
0.8019841416353183	0.2844133474577272
0.6438921906385588	0.31571768871301725
0.3036278728371482	0.19425355442162065
0.36712289055852143	0.2454779720655911
0.651971114317355	0.2905494448606501
0.9331858694283618	0.22080244784089956
0.9222414520309323	0.22571862918822813
0.7085550095961903	0.2939608944328753
0.8302036729558396	0.27787452198230483
0.33548086844126784	0.22087480845253873
0.35171042769650734	0.23379172065351025
0.3545490412643543	0.2359888109022492
0.372539905519692	0.24943935024145314
0.7712270950397359	0.2896166812038341
0.7756353204024622	0.2889945232601179
0.9724609898714871	0.18646065406760828
0.8753026510374144	0.26396695720536906
0.7803464340885022	0.2882838436840916
0.5507587323476195	0.2947755464231569
0.37735096556578646	0.2528918286617469
0.6009190290068024	0.3084969855819942
0.5149202358761918	0.28125210381721066
0.3782525806950637	0.2535318900917111
0.4626517320761415	0.30367601501276825
0.7135186320991344	0.3190264044798877
0.5762343633807923	0.3024788040285458
0.31999666330342413	0.20807767542698852
0.7662440612994909	0.2902700676695709
0.3276515366746293	0.21445228513790673
1.017827740521273	0.16605845436533628
0.774096381203882	0.31374831460752556
0.39788102654076135	0.2669158765816175
0.8552073198731784	0.27068273848150654
0.5519526080767139	0.29517125729894456
0.9390280853273005	0.21810863030372046
0.7219599146241911	0.2937420636681561
0.8251737640659106	0.27916313133939
0.9773866667230501	0.19958897559254263
0.9648401040040495	0.2057558187014747
0.6569388204575192	0.3171156091147091
0.9421849114234044	0.2166347389844095
1.048051398374732	0.14579258032528586
0.82927362256945	0.2781168021375516
0.42310420099232077	0.2825641049784696
0.6313654715146896	0.3140308478445954
0.895755372124077	0.23680324944203174
0.739372976161794	0.2928787572702712
0.6670847902611384	0.3179521342949533
0.36774296030291825	0.24593535747833647
0.9814774410939023	0.18221894821845847
1.0139831605218377	0.15630136481489956
0.7709105411002006	0.2896597639374524
0.8631757006626266	0.24862920282470524
0.9425590122075075	0.20046017750073664
0.4827251276892296	0.26627548280104485
0.7045454422983971	0.31916806824363153
0.8900857353669871	0.23901113798053628
0.803596981067634	0.2840850261975276
0.40843230468189384	0.2736732633458172
0.8030614143446849	0.2646521996258853
1.037216534477456	0.1486174375413413
0.39606974328781913	0.2657251113671134
0.3940153887167062	0.264363627419263
0.5488623958021271	0.33637131609529525
0.9867223312731564	0.1949919798270142
0.8409070232790956	0.27495563490599045
0.43852435527382544	0.29128358758037626
0.3438640286832859	0.227619416822649
0.7443252826493072	0.31727991651538723
0.4178003992785322	0.2794175956411448
0.9022443667143216	0.21795153535045797
0.9084219480519253	0.23165508306775065
0.6970683903771366	0.3191589293443331
0.5526268839164131	0.29539321889402537
0.5069411268944986	0.32264257087489884
0.417461084142048	0.2792137031925665
0.5874567829351643	0.30538812760537937
0.4187506805919344	0.27998695238439153
0.3360555061578519	0.22134172748462705
0.7883668991069476	0.2869652486488147
0.6779954230081634	0.2929968244559809
0.39093035052777036	0.26229728072870107
0.941454948157283	0.20096642021253777
0.9629105672314358	0.19096808816620997
0.43749871093295506	0.290723241980262
0.5288388663339514	0.28688741861277195
0.3401594100663414	0.2246570498483863
0.9502484353591797	0.21281749654288037
0.3154231032646758	0.2042341285096829
0.6500325962326623	0.3164209904593845
0.846746547412674	0.25377260426157483
0.8054467561348325	0.28370168220510616
0.8758523366602737	0.24427917863234547
0.38363413797517826	0.2573063478555894
0.91343087597144	0.22954043612594516
0.4678858593508461	0.2584273689266793
1.108447870372595	0.1312739491907364
0.7816398421726248	0.28808046104673
0.8510148089774058	0.2719794395881548
0.9656110227633979	0.1766700238607824
0.5177630487300221	0.3265675482268888
0.4057006357276281	0.27195311784669335
0.8936264568591877	0.23763945213852802
0.8529068904719269	0.271398740025792
0.4298608692983089	0.28646280236317695
0.7995944549728434	0.28488966488024364
0.40539514069057336	0.27175947486105295
0.37517529686136025	0.25133825941124155
0.5265474840568172	0.2859936359388205
1.0268815290381468	0.16250086727273597
0.4090673067310634	0.27407020064092025
0.4201916415390947	0.2808456304259941
0.9786792420481897	0.19895186282317354
1.0798393066892424	0.13474142199712225
0.32845629570434065	0.2151173662336944
0.39836549900784496	0.267232846865692
0.546900783672222	0.29347311622130723
0.47010864105744704	0.3072055730059715
0.385563966133102	0.258640624185252
0.3886349630723384	0.26074287263691803
0.6247568867293083	0.3130035181605274
0.9060854171700458	0.23262653849477294
0.3565733806586959	0.23754358221466568
1.0195235963663904	0.16537251665038988
0.6499122074155753	0.3164079784317405
1.0959796854450783	0.1263058986826772
0.4138354975740632	0.277015583310536
0.9950285118569696	0.17595050219948835
0.36053634896134623	0.24055761041548354
1.0319079471300727	0.15019109572341516
0.5655593289765338	0.2994387146525714
0.9361831602113041	0.2388815352669843
0.24696865197585427	0.1499067324277766
0.6586204541635042	0.2913188068440841
0.7744421865019906	0.28916700537487094
0.5245834167240739	0.28521693992518493
0.692302548618853	0.3190925849449394
0.4023546329663514	0.26981824399575244
0.36470020544602105	0.24368124471369143
0.4456876142006925	0.29512010956827284
0.4468694669381989	0.24625822458659388
0.4087562957759573	0.27387592675301986
0.8475836799831569	0.2730135522661408
0.3941150363213355	0.2644299347768839
0.9614497877081527	0.20741066909365416
0.8977913989870425	0.25549397262585
0.7033395399433668	0.31917442502509175
0.902147873879746	0.2537399515702571
0.9395396564276222	0.23731525825937988
0.4263673502438157	0.2844622836213348
0.41740458713594314	0.27917972414078635
0.8636228620650707	0.26797056179174855
0.5643258123888472	0.340455187286427
0.644969327254875	0.31584691517981944
0.9989059572726829	0.17419697488944855
0.6958864023165388	0.3191468747905668
0.9349002021405195	0.2200167132903606
0.9234725972053031	0.22517463029988383
0.6644791152567119	0.3177581109871604
1.0124791527926063	0.16827454045162196
0.3572648585634077	0.23807233101840244
0.355759915776749	0.2369200291610561
0.5484824931087237	0.2940114844994192
0.8256916782384464	0.2790329066978592
0.8161971204240455	0.28133035367989156
0.9003878858734262	0.2544528494410988
0.3164204083432473	0.2050740617864463
0.6121400024639312	0.2838271528026632
0.9041877753056398	0.2334083724998838
0.6944770602368726	0.31912870977192365
0.3812771878045084	0.2556629612154078
0.797509737072626	0.2852952979440745
0.7637920894530731	0.2905721243665099
0.5623302315658449	0.2984660756270206
0.9596618713934832	0.20828039878316185
0.5223386035807019	0.28431720825864704
0.9516232809642584	0.2121597993115992
0.4061265082149426	0.2722226370724589
0.870701297587716	0.2460862492565216
0.3277202846838272	0.21450914202374824
1.0395537959723995	0.15801927654452383
0.9916154394475409	0.19259419142123257
0.8234503749409562	0.2795923920657762
0.578938894486626	0.30320662682667715
0.6021389749901869	0.30875840741356886
0.8031511393986609	0.2841763366434893
0.5437415044244506	0.2923794587867296
0.975382757412552	0.20057653268512712
1.0798700317170928	0.12980540973347096
0.7436714120841571	0.29256534349437613
0.6367448394061835	0.31479684778210615
0.3331785942376323	0.21899773514581583
0.61843984130199	0.3119320025432851
0.39534041540254333	0.2652430921702958
0.6217074730033778	0.3124972285364669
1.083428545566846	0.1297887871484437
0.7895136368253418	0.28676553914372316
0.5553529696493825	0.2962793931566644
0.41124498173800256	0.2754230833271131
0.9943483687944065	0.17626032030615393
0.4205068651883862	0.281032725213617
0.3480480664485628	0.23092851487333582
0.822729739414832	0.27977003134489636
0.3815078493166734	0.2558244590157849
0.8342969659003021	0.2572908558737123
0.3872536693142885	0.25980050817820716
0.7059598091248018	0.31915677996337427
0.40093733128096637	0.2689046853495827
0.8531629596918172	0.2713195803684114
0.6952645314559657	0.31913936808032506
0.9582334282693588	0.2089736203825186
0.555761001071159	0.2964104891385659
0.9696251840781949	0.20340988724366138
0.6099883130317206	0.3103605266838922
0.7675566789571834	0.3146789139431433
0.857593220412378	0.2504401294382269
0.6105215976579587	0.3104643763992574
0.8035983310006368	0.2645435228464526
0.3892391422012974	0.2611534180504941
0.5188727598161803	0.2829027991156807
0.3504624254711752	0.23281961075697574
0.5893065728514769	0.3058397894201475
0.3226817953823895	0.21032300372660798
0.9349448913405128	0.21999617709172878
0.5916789354456904	0.30640758143437397
0.907085219735638	0.23221203392152837
0.3748433305469656	0.2511000912219132
0.34103195956944676	0.2253574377123236
0.38559948345538714	0.25866508524576914
1.0666887036454964	0.12601724153253938
1.0283110895595802	0.1513228544035096
0.8525546059732045	0.2715074213693362
0.8747422648486587	0.24467313903927118
0.4728342832991932	0.30846101006253956
1.0514544549993576	0.14502000790225425
0.40368560998168884	0.21734765562989294
0.3810238495766633	0.2554854193041177
0.95261324666699	0.2116850922748655
0.8126055997290109	0.28214978182121
0.6362704859942543	0.31473182643664455
1.0037951951793622	0.18671031933957785
1.013272298787658	0.15656601109132928
1.0150685859611432	0.16719203670950816
0.6326626448762775	0.3142213125941974
0.5964374212783873	0.307507774771781
0.9639388960831617	0.1904831826397491
1.0932679101575724	0.13003145447672387
0.41893558060310016	0.2800974499472431
0.4021198177443887	0.2696672691131948
1.0222783934134294	0.17822793388717262
1.024416342920946	0.1526046549776289
0.3832952860780565	0.25707101607746646
0.5448135272312443	0.2927533082389129
0.30878977110960654	0.19862844991507117
0.6808680493278	0.31874051557232136
0.3507965146852501	0.2330802084356484
0.3647620741080014	0.24372731897017227
1.0140085188243426	0.15629195234726237
0.3956795495640373	0.26546741087571224
1.0396999292268734	0.14792276039859248
0.9586761115155651	0.20875894932080832
0.3907470224527559	0.26217366491294386
1.1091208307374365	0.13135488347420313
0.8949143443258759	0.25663270036111907
1.0157643477317049	0.16690419904162762
0.644550288948087	0.31579693874686027
0.4529528893644496	0.2988748190977516
0.3932574720730247	0.26385840208254724
0.9814286587640478	0.18224179738753496
0.36813318952165774	0.24622268500416394
0.48482935162828394	0.267339288172316
0.7473659779607085	0.317002126331822
0.6779696309093399	0.31860786418439885
0.36691330593576466	0.24532314629720897
0.3990434311706029	0.2676753064318403
1.0063127980456463	0.17091792520872098
0.8519937025090459	0.2716799325083078
0.9831120118637046	0.19676776025758305
0.6884765796418324	0.3190051406718855
1.033604578335065	0.14967533165450228
0.8639366349945398	0.26786662992570526
0.9572528870436778	0.20944857819363052
0.3447019314150011	0.22828527220807007
1.0630227035944326	0.14283582875353334
0.8262259198397671	0.2788979847309837
1.0125153755191068	0.16825927881186697
0.34812082893467783	0.23098570711330757
0.6453486228111298	0.3158918262590974
0.3789095633736482	0.2539968980896282
0.4227560072592645	0.28235986785634487
0.8658621295376863	0.26722444199947143
1.0079789017619665	0.18473189537663806
0.9203273314968603	0.22655965999154332
0.7262625387630441	0.3185400969827661
1.050519124155701	0.13786956496775743
0.6406685537608896	0.3153160169269095
0.4163482005664383	0.2785427847681966
0.34782095573935556	0.2307499238938253
0.8327384321669541	0.27720498397410603
0.5547247627288336	0.2960767723581019
0.6069498315540237	0.30975671401638605
0.9005902509503155	0.25437117425880496
0.5495686572685141	0.29437764891173124
0.3224414535935204	0.21012240818463973
0.884941152134593	0.2246652182337435
0.616494505221626	0.31158431444916473
0.6216880922410396	0.31249394543187853
0.5580983802850089	0.29715374053962823
0.8701871434260324	0.26575446194621327
0.9790270004314863	0.18336837972318287
0.3824338763022557	0.2564713576246645
0.8656902265033459	0.26728208223643096
0.8894410818077839	0.25875523520353777
0.35266859735982914	0.2345355325251911
0.36470020544602105	0.24368124471369143
0.43593797561578745	0.2898652292326215
0.3314662286478971	0.21759521484398678
0.6708397901837969	0.31820652311605657
0.5438897456934048	0.29243132359524493
1.0510706352030637	0.14510428199776007
0.5267508343103199	0.2860734924110612
0.5939695558806537	0.30694361909634316
0.8971651500863418	0.2557431780273395
0.8408090185266853	0.2749834497035955
1.0227073123915087	0.1316023271028819
1.0820484718077912	0.12978871793836472
0.6085051613886797	0.31006836835809193
0.7365299978197917	0.29306425851608053
0.3655584771616509	0.2443195177912933
1.0408305758140812	0.1476155523050283
0.40848626478075195	0.2737070364851945
0.6770662495446708	0.3185629198905707
0.7478604981187723	0.2922217810820336
0.6539531842775311	0.3168278059078862
0.377171275826163	0.25276400294855483
0.3447461910600038	0.22832040040016968
0.6566964288825803	0.31709295166949336
0.3834470964313875	0.2571764867624688
1.0445431105015754	0.14664777296587794
0.36499948973156965	0.24390403237588695
0.7396982657236773	0.3176663666373082
0.5364410415705482	0.28975814090325386
0.34559017145780796	0.22898941203803225
0.7329401484682303	0.29327368294905987
0.9649306072994843	0.20571155141570438
0.9177299809600191	0.22769147917680993
0.3447638993968375	0.22833445400256253
0.8085899422689923	0.28303366441697825
0.4103573173780137	0.27487318560899776
0.6629549317055622	0.3176379596513845
0.4151995734369776	0.2778467891583952
0.8517210643305236	0.271763549670136
0.3930839962733406	0.26374254142409026
0.9927409691572129	0.19204468020110108
0.3915919880089113	0.2627426465269052
0.4280550273558664	0.2854327894259894
0.4823571418832189	0.3127032467651597
0.863308898390135	0.26807435543387664
0.6356966713031214	0.2882439810852625
0.8385507396783219	0.2756188119970914
0.8675255574977315	0.24717350621372614
0.7755827003883486	0.2890021940733362
0.3742916736727226	0.2507036508741588
1.0053550368725899	0.1596105617228176
0.6920334704084027	0.3190874311547846
1.1136516841457895	0.13196077536982556
0.7440975640638491	0.29253211185924133
0.5739542193267733	0.30185193159998297
0.33179869578115	0.21786793956983222
0.9193542749717343	0.22698495852968995
0.44736279874760776	0.2959979765506142
0.5924905967800181	0.3065988897675791
0.6827207837086441	0.31881609446703674
0.6801686628046206	0.31871011769262025
0.3976138609784635	0.26674080511361675
1.0897087365511278	0.13465814588726
0.5489499871143816	0.294169437056855
0.4016901104459132	0.26939059584423436
1.036208802064796	0.14890700112807254
0.47210610333758807	0.3081274158714228
0.6056063866138541	0.30948315968925566
1.0509833773971795	0.14512354328972596
0.5864523174689479	0.30513957820434545
0.7499883571844388	0.3167473835987902
1.0172009379782032	0.16631409919219858
0.9157352327457866	0.2480456645398224
1.0013445635465792	0.17310634585800722
0.6549205712625711	0.31692313828327834
0.9539347786264631	0.211049973405463
0.7879148645006878	0.2870432041216121
0.3270043770618379	0.2139166915799217
0.5627993432199813	0.3400749029471426
0.4760254326782657	0.26280755751409596
0.5317415813219267	0.3312413824242857
0.505818618789649	0.2469070747155441
0.837221536866184	0.2759877928688845
0.9451462043137546	0.21524126605050517
0.4052889992034019	0.2716921354549927
0.33955580786698625	0.224171603677141
0.4831895907974751	0.26651133547018857
0.4437068492691595	0.2443186981908671
0.9298585977395939	0.24178743630588892
0.37403858999152306	0.25052150211514823
0.6436530010379314	0.31568865397005813
0.9611237236776994	0.20756944548098558
0.6371887042111446	0.25016163836675587
0.3811965359592623	0.25560645857783054
0.30514011239611905	0.1955355805723484
0.6811972750529119	0.31875447046266925
0.9540184755413575	0.21100969594360502
0.6601962971791888	0.25372514183776806
0.649611300373569	0.316375319715575
0.48563348158133346	0.2677426322331314
0.7960601036465006	0.2855719213021169
0.41239818991281557	0.2761342695759117
1.0269299372843794	0.1624825756935373
0.6396958419482003	0.3151904138103723
1.0316607024502125	0.15026723855900773
0.8346869854279573	0.27668111741531015
0.8887702978972681	0.22322680310477083
0.3626331020910698	0.2421361380305331
0.6517195869298777	0.31660006488567627
0.8248394346458509	0.27924689520961155
0.559023504806828	0.2974442911477327
0.3481390261579724	0.2310000084385371
0.3652476552222831	0.24408859003949776
0.5628320347105537	0.298618852241124
0.9510318587635311	0.21244294992856172
0.6357371661577393	0.31465814005231313
0.6074046360311178	0.30984840655338824
0.5041469554048306	0.3215850162612047
0.9567664907812079	0.20968389850537716
0.3680065125819954	0.2461294562336136
0.9976331872145069	0.16273139875916193
0.408688751999647	0.27383370036358734
0.4024068553333094	0.2698517998790465
0.6538927525331681	0.3168217843533368
0.976038922331706	0.1847738685586203
0.3671543547893228	0.245501205565529
0.8117053626227541	0.28235090026301873
0.73464626125579	0.29317760617273675
0.5666412728139919	0.2997590701551577
0.3191331856693905	0.20735374696914266
0.3243129402613454	0.21168229934004373
0.9498665262213345	0.212999862068842
0.5084521187331011	0.278463497905877
0.4199626919005913	0.28070957338323416
1.0102098049097603	0.1692371117897793
0.6441329645143385	0.289514304637137
0.5588005926923391	0.29737446961713543
0.3683762990169386	0.2464014844738582
0.29694893167349806	0.18859814338011177
0.831977319764125	0.27740744397321654
0.29916255797334657	0.19047032967566274
0.5814965750561493	0.3038792894365074
0.6431150574212039	0.3156229041944922
0.6568580172054306	0.3171080699604985
0.7953345665043097	0.285708694833594
0.842978795157318	0.2548721487472525
0.6628736965661869	0.3176314178062983
0.8117053626227541	0.28235090026301873
0.8161125910792478	0.28134995295212767
0.41930588557186776	0.280318468379922
0.4116149079410268	0.27565161309691294
0.5988044391534031	0.30803589809575455
0.36845037034592765	0.24645593060863924
0.9049358018159426	0.23310095336578973
1.0045450693652271	0.15993139344694077
0.895222004273412	0.2565116819075686
0.3635237520684742	0.1863381478019052
0.6212231158787423	0.31241493059339404
0.9483871006121005	0.21370490127830086
0.40270742497124373	0.2700447876069635
0.7638957199833051	0.31516184539891323
0.6707580464335912	0.3182013017855717
0.3717474665299815	0.24886472497993553
1.0110192250448569	0.16889235392961366
0.8974274190261218	0.2556389028135529
0.3479935222991521	0.23088563441105403
0.9746403859460301	0.18543280443886265
0.33655860408814525	0.2217499841368682
1.0493119138908158	0.14549977860855492
0.4376356405765695	0.240515750645064
1.021457912345075	0.13186639451617105
0.7108056690420965	0.2426898484345227
0.3638881357232947	0.2430755646985088
1.1023444737095989	0.12351544920578277
0.6086951086420379	0.31010605922698614
0.5362578618324932	0.2604653825504714
0.6323283185169118	0.31417257346696964
0.5017746756485801	0.27546975741042207
0.38003743077784863	0.25479246301194813
0.9240863963726401	0.22490253172434704
0.9806795106461491	0.18259286908763275
0.39976255511598485	0.26814326920975357
0.9257020735884447	0.2241835229626281
0.337629771067715	0.22261754081797205
0.8353956568447681	0.27648861685647486
0.3972709568191347	0.266515815107345
0.40808193828156886	0.2734537783247357
0.3949518551712961	0.2649856920157418
0.8875281543610394	0.22369643630955677
0.37300867476526595	0.24977848049138032
0.8068830006699549	0.28339903589276155
0.9394749394188138	0.23734561006350885
1.0439730945792292	0.14679222384751023
0.8703884710893244	0.26568511066829964
0.64750757649051	0.3161415758628359
0.8770770951767682	0.26333462691950726
0.8272765747285985	0.2786308902478153
0.9260012216843752	0.2240499585767755
0.4800527955422453	0.31169712065324046
0.5703264645969383	0.3008294576164568
0.3754635922649741	0.25154485523019626
0.872212112636056	0.26505318845011866
0.7211786359565125	0.2937654836356539
0.39481418835391596	0.2648943955749291
0.8278096616782532	0.2784944818449849
0.39963392733958447	0.2680596703591828
0.28584471640192055	0.17928797897175475
1.0037764047239184	0.1720292158147439
0.4018202172707325	0.2694744205457714
0.9414207380169868	0.21699264748373182
0.8113994108424191	0.2824188613018921
0.3288107245418313	0.21540994122278898
1.0985352066398293	0.13033967672786317
0.8599218123068433	0.2691812637227497
0.961337746965634	0.20746523513935525
0.6642554474005982	0.31774078713488324
0.5530489163363708	0.2955315853288561
1.1115674425365687	0.12447947573244911
0.97553199335947	0.1850126445949472
0.5326735990328665	0.2883535907801738
0.5480120730279655	0.3361317404056696
0.9115971718111571	0.23031959843553138
1.0245635554582992	0.16338626651732607
0.5797479291409355	0.3034210418374478
0.9993038056685833	0.16204496850647412
1.0550747752786982	0.14426162393023026
0.7260452499665613	0.2935981476504523
0.5498197644085854	0.294461892479252
1.0941020341061518	0.1347890865312534
1.05831114095894	0.1366336743962464
0.42710592764525285	0.28488794511504695
0.9635036557657589	0.19068844761187634
0.5389278765066421	0.33347345861002353
0.937963217766429	0.20255956413275392
0.7038338850093273	0.29394519085402526
0.6569590222164079	0.31711749182035537
0.4748506955453703	0.3093779138576336
0.4339752769676964	0.28877708768620897
0.6445702387815248	0.31579932661479376
0.9450166703894599	0.2153024314642304
1.1033789629651671	0.12688695667667685
1.0762632405293753	0.13489624780875845
1.0981144883912517	0.13031037534836626
0.8142535826490002	0.2622571729455438
0.4226545600820576	0.2823003013339541
0.6464274741556602	0.31601787949213456
0.6474675505657614	0.31613703663845016
0.5352036431294345	0.3323310431281346
0.668487301752457	0.29227776868485195
0.3859669512870954	0.25891796051644017
1.0184469584635267	0.15467541080489064
0.8336473511525175	0.27696161338829794
0.3671333778658553	0.245485716286534
0.9444005913163338	0.21559308064001118
0.48085041910402604	0.2653175116574829
0.4953616473648289	0.2724834092563824
0.9032659145792463	0.23378584716601478
0.599252889372931	0.3081345266690492
0.5546399482750699	0.29604934348968975
0.42098060888173544	0.28131340116921916
0.4981589917461777	0.27379951848954764
0.4145720417156567	0.27746502888484426
1.0399191504761847	0.1478627480472307
0.739948465672446	0.3176465896750998
0.5470170967765751	0.2935129140477043
0.3627347151632223	0.24221234965014346
0.34983375027284214	0.23232851006021502
0.8990445764217508	0.2354946072219045
0.48819831016059395	0.269017376332489
0.6251657606870961	0.3130698512854572
0.9057800332978767	0.23275279221631728
0.9575215911168422	0.2093184972523209
0.7507372716136974	0.3166720547745572
1.0463201903361168	0.14620725026402212
0.45035479984877524	0.29754779807084375
0.6590620511265639	0.3173087354376608
0.6188257274514659	0.3119999779728542
0.8550797665992542	0.2707227253351494
0.7107476373139707	0.31908788924300774
0.9970267978534347	0.18996144562123732
0.3719966812806326	0.2490456202232405
0.5980205205301662	0.30786239696099843
0.41033006948132106	0.27485627180402666
0.9395267140716441	0.23732132860196337
0.7525420478308666	0.2917933511130497
0.9987080851545095	0.17428590339021838
1.025669043662446	0.16296169381801165
0.7441863420424634	0.2925251398792456
0.5589377546090497	0.2974174461836121
0.8246554897183879	0.2792928808809951
0.9969150834275434	0.16302821650026778
0.5557397691882134	0.33825126686194934
0.4361536799400179	0.2899841959111346
0.8395663144483742	0.27533440146967453
0.6362902452548825	0.31473454464120554
0.41899250676536903	0.28013145078014234
0.5570559285200455	0.29682387961421114
0.4656174506876211	0.3050964891710213
0.4148785864036241	0.2776516498729448
0.3788414701656287	0.2539487565530165
0.3701752656628184	0.24771970800988055
1.0722052967316	0.1416196533620114
0.43925751919243383	0.2916824418014256
0.743700237418267	0.3173346778055829
0.679634040133106	0.31868619030382267
0.41380775734811964	0.2769986271182319
0.6012753587680503	0.30857369008281466
0.955198026435008	0.21044140384859805
0.528823115202565	0.2868813199719475
0.8514001469996163	0.27186177660050503
0.6323873069338671	0.3141811906442821
0.5193610552060485	0.2831039352741159
0.9353579529783497	0.21980623352587364
0.6593252117252745	0.31733200475780227
0.9505768900132787	0.21266053959456008
1.0455336631677454	0.1388073698807717
0.8671261647514706	0.26679875436814793
0.37862603895115954	0.2537963649680409
1.0645985804114109	0.13049462064789025
0.3748433305469656	0.2511000912219132
0.3602066184892832	0.24030835080385982
0.5229443432915726	0.2548445082885229
0.6214555651707063	0.3124544908711258
0.8342581236948604	0.2767971001303574
0.6829260907787564	0.29329095303344277
0.40029726940381394	0.21486528835395863
0.4021198177443887	0.2696672691131948
0.6276433769572322	0.3134639730711495
0.6263937675005803	0.31326687331665504
0.4712736121771927	0.30774442147838815
0.41926312369672025	0.2802929646999944
1.0280372635366508	0.15141109525127341
0.7254056756895848	0.29362305490672536
0.8670681585739622	0.24732840489470365
0.9084462047806217	0.2316449474007457
0.41482281564731377	0.2776177162882908
0.6570196297615606	0.31712313493761435
0.6503938515573995	0.3164598499749641
0.6857099053636859	0.31892290240082327
0.5611732463371827	0.2981115369254519
0.5419182963673487	0.29173715472497963
0.37481017406266076	0.2510762869113435
0.6130800540345489	0.3109537944439005
0.6449094528505015	0.3158397973994159
0.7122475332893599	0.3190565742850475
0.4285758367023158	0.28573074258396985
0.564601868951443	0.2991529023783918
0.8077027258225306	0.2832243437281547
0.44600887264874595	0.2952890280562169
1.0385229947116412	0.14031395159906984
0.7408240908315968	0.3175763678840662
0.9892458336307378	0.17860300634418566
0.44890958614603377	0.16953967285132213
0.5217068600663922	0.28406168506337415
0.330560925432903	0.21685159371991738
0.6050585275622021	0.3093704428463247
0.504903898794451	0.2768873207766154
0.9858964015322256	0.19539784285415326
0.5919370548991537	0.30646858309705227
0.6471073936691532	0.3160960377063697
0.716688458389112	0.2938745138332092
0.7107684659298584	0.3190874861567098
0.6318172718885257	0.3140976015667418
0.5936549315401779	0.30687070069518463
0.6329577568334078	0.3142641329418703
0.3085928747641181	0.19846168459810548
0.3785920508899333	0.25377231101860376
0.41465559767669063	0.2775159221755329
0.3570697126992615	0.2379232308570702
0.9472644426323196	0.21423839310669515
0.9791664802171504	0.18330286857913355
0.6701247003114165	0.3181603700881371
0.6087711040894612	0.3101211162907876
0.629717662911643	0.3137836149368628
0.9647551952830897	0.19009810471200997
1.0162951340303956	0.15545134376237735
0.9173994318066361	0.22783473060934167
0.36755350182502095	0.2457957135917079
0.4014042041641268	0.269206229919948
0.3736542808816022	0.25024457915173365
0.8220084255446061	0.27994674123096247
0.3868952309047851	0.25955511458433705
1.0513846833632499	0.14503527280614328
0.6309139344721224	0.31396368893161636
0.8931077053900018	0.257339690546059
0.588005520716445	0.30552293113314066
0.5029959878596598	0.27602609958887975
1.0833186607074605	0.13465374690697451
0.4328483486167326	0.28814768840957855
1.0276170186221514	0.15154708100055014
0.40120952699395	0.26908056433098465
1.0665011308953738	0.13564546304807748
0.5467180812136903	0.2934105357379875
0.3893481280774914	0.2612273683073582
0.9767602063951036	0.18443427665584114
0.9066832023550544	0.2323789180986994
0.40990822137737426	0.27459415579043484
0.6941662889018676	0.31912414896614527
0.3972075293588518	0.26647416295484677
0.5904638074647286	0.30611836489935657
0.40901318131954595	0.27403641006431123
0.5390468439076119	0.2907089276545968
0.38230622618898874	0.25638232349646656
0.645308689572215	0.31588711246401535
0.94367475080207	0.21593495314749292
1.0035521407475247	0.17212808613001462
0.861988173860998	0.26850876723236594
0.4210237305787939	0.2813389190905199
0.5441699260065582	0.29252920208378186
0.4278916031371633	0.2853391453652204
0.26156354244914926	0.16008443946998618
0.6208358736094125	0.31234876217665836
0.7172293426659337	0.3189192841242383
0.4308823178710476	0.2870415573175004
0.41004419998204195	0.27467869943951273
0.5178833933984959	0.2824933859906879
0.7272356701848651	0.2935494406633762
0.8590676824104617	0.26945668012082563
0.5878225417922293	0.3054780571228144
0.6081444246266853	0.3099965661838683
0.31333764197132835	0.20247496495939882
0.3448967935521731	0.2284398983658043
1.0947612731435779	0.1348179783756191
1.0550689848137713	0.14426278360981384
0.6314243870869556	0.31403957784611297
0.6221727728390546	0.3125758023996162
0.8082658663211862	0.28310350764068315
0.5749078515103831	0.2741580940323338
0.5829979368745335	0.3042670845323486
0.8014860368906088	0.2845136302119359
0.40474597596867046	0.2713471415136164
0.96732297961908	0.20453986446528974
1.012890817108871	0.15670865649414217
1.035963990915876	0.14897800466155828
0.5437744415735168	0.29239098709422884
0.9374147898529184	0.21885702093008044
0.93148442583234	0.22157824145893726
0.4042704864878912	0.27104438892864335
0.4309726740904594	0.2870926193647467
0.6877169272435827	0.2935254477866887
1.057070585812663	0.14387224300484933
0.6326429746791091	0.3142184517430036
0.6897993587662452	0.31903882093634545
0.49696034375755466	0.27323813201791475
0.6145740611681368	0.3112328618386952
0.6157640722133655	0.3114516035259402
0.7101853009533938	0.31909843354008616
0.799973049887152	0.2848150102757324
0.40021348215202834	0.26843598034244737
1.0505298839231576	0.13200779963331316
0.637397520710411	0.31488551657383057
0.36451476275294414	0.24354308385117382
0.3481572260228476	0.2310143110695964
0.5530151364892734	0.29552052623239505
0.272971129324146	0.16883102044112325
0.8500020692551187	0.2722872121194996
0.39091812243938645	0.262289038356497
0.42223480445770045	0.28205353929490745
0.5979086226925402	0.3078375177188226
0.5306237773416868	0.28757446278684995
0.831463923248622	0.2775433231600677
0.757179125820481	0.3159768372921536
0.7099353964892885	0.3191029100270083
0.5006749813614169	0.32024542871292677
0.7133727527314373	0.31903003615262354
0.5382659143244736	0.3332726470599982
0.35295177029684704	0.23475493022106653
0.5309223128700084	0.330979606224933
0.7368412178756717	0.31788311791351637
0.9788702005698042	0.19885773891683256
0.35249899063251244	0.2344040310091791
0.8945624503600141	0.25677089667284086
0.8509505608487732	0.271999027826545
0.37189911237624723	0.2489748185296046
0.5436921044392213	0.29236216333385134
0.8516729382014798	0.2717782937967421
1.0260852494175081	0.16280293074032437
0.39139567668953607	0.2626106296581574
0.916749173633287	0.22811601086416575
0.354596879835529	0.2360256695366815
0.631935176033121	0.3141149488526831
0.8404005021142964	0.27509917485530644
0.36032642826456013	0.2403989530139132
0.7216758020113603	0.29375073284807796
1.0362573254305205	0.140846434712933
0.3696193592742667	0.24731327390654517
0.42833759693362944	0.2855945365433064
0.8645579516895566	0.2481708463318863
0.3489514832893246	0.23163773743381247
0.4456877677816243	0.24553685535471995
0.3940402952044915	0.26438020321594274
0.9307830739741758	0.22189683988707312
0.9686650171461693	0.20388142236607035
0.7952601332534333	0.31014049749447725
0.5771639395569761	0.30273088598987097
0.9389619577771218	0.21813937172872505
0.6575854638091676	0.31717544218424437
0.535500447397778	0.3324232174158493
1.0626830417301345	0.13606594220447163
0.8584341149885983	0.2696600069671931
0.6666772944198166	0.31792273799945886
0.4747253808684624	0.30932122382965765
0.4931493803479497	0.3172440562135403
0.8500020692551187	0.2722872121194996
0.4161796946685062	0.2784409052724756
0.4036121140796691	0.27062416734887046
0.7570753359149826	0.3159887095373759
0.9753905410595375	0.1850792866973628
0.8148097554388017	0.28165012274045065
0.8284588307443327	0.2783275624081077
0.7249615519194013	0.293639831777228
0.6365866912175763	0.3147752240044145
1.134468214877528	0.13186993201171276
1.113489870058908	0.13193727172749503
0.7218598731257239	0.318745860273047
0.6271549964836773	0.3133873478344194
1.0308900351248427	0.16101499022627666
0.40440244404345355	0.2711284708301204
1.008584027745399	0.16993420647794316
0.3679748607733126	0.24610615525516186
0.8220755530080625	0.27993034242804643
0.9786279409655565	0.17087280232114133
1.026556321666829	0.16262396435012877
0.5707496373923077	0.30095032088613244
0.3875529671291229	0.26000514317588463
0.3658595893477846	0.24454299083948322
1.0333703406152421	0.14974583309166603
1.0214142124551835	0.16461799686484202
0.793743646337891	0.28600469094345066
0.9068903597837739	0.2322929593234245
0.6017821058248084	0.30868228097950157
0.8985305232812395	0.1935511688597688
0.5614492423834115	0.2981964014259635
1.0377582642936358	0.1484635927866851
0.3578520119673804	0.23852036702544185
0.37616443749069395	0.25204615452617457
0.9710344957360876	0.18713387973645051
0.952781405361306	0.21160436547424671
1.0104360899165026	0.1691405728914277
0.6100263895772476	0.31036796257389565
1.0002813272831967	0.15190143020178967
0.9128446903812367	0.22979013693563366
0.9803359945778454	0.19813529910904984
0.7528610349284794	0.29176245191045747
1.0568451537464223	0.14391518798255132
0.7725630427552159	0.28943250609848287
0.7474523899082838	0.29225690487733985
1.0494147972713683	0.15501848852156888
1.1192824490334174	0.12257467384124089
0.3654340662894439	0.2442271159815076
0.603455668211505	0.309036801620252
1.0842789623306168	0.12979295431955434
0.6821853409845615	0.3187949898159393
0.4337616391300104	0.2886580281660826
0.384914191179446	0.2581925096397293
0.3928117469844582	0.26356054532165973
0.5511954857694337	0.29492070995121455
0.6252826243413706	0.3130887431731448
0.8157913010447112	0.28142431060803313
0.5775246171341902	0.2530042191290927
0.8777355696537219	0.24360516821183367
0.8213704242666404	0.2801021263187045
1.1111280934224437	0.13161006970605346
1.037241074185572	0.15878825051031903
1.006778869879105	0.17071515356773065
0.36432956474036504	0.24340501598780348
1.1500555749236079	0.13630905621708087
0.35164493169234134	0.23374079638323844
0.855600181153091	0.22070234226574867
0.8619255338761972	0.24904036317416586
1.0143207930368028	0.16750285052210137
0.5285869420697739	0.28678980160990103
0.8472087404004502	0.25363565294486085
0.6985414587743803	0.31916989440668747
0.6606199215715152	0.2915307259326641
1.0516637335651156	0.14497436699467162
0.9052102233027914	0.21674744185564887
0.43407409672728947	0.2382361135795152
0.7954555223904586	0.2856859706719843
0.6687772882198677	0.31807047705452685
0.6382091417027418	0.31499449158501563
0.6553037429427466	0.3169603468190514
0.6233377026619842	0.2860876655747124
0.5533341472204224	0.3376053373968725
0.33526815982453173	0.22070180979097342
1.052953115956067	0.14469801697108278
0.7061678523369408	0.3191547706154812
0.4690152560061015	0.25904614971566997
0.9476192178004448	0.18474644496140752
0.6563935162707247	0.31706446125532783
1.0175429912480605	0.16617445157340743
0.9067807034413891	0.2323384700644019
0.6191539039727221	0.31205752903381356
0.9957163293016166	0.16352597943239364
0.4077859806169152	0.27326811554650804
0.6450223384718652	0.2896387678884409
0.6439320617494091	0.31572251661599604
0.5795500364246456	0.3033687356108938
0.3375797302268297	0.22257706323435544
0.999141691480089	0.17409111277404787
0.7097063299668731	0.31910690002679404
0.9852157922471906	0.16799269290118496
0.8428236137315768	0.2549167900056358
0.40940593950414256	0.2742814277124376
0.9808262536599431	0.1825240753929514
0.4011835858888575	0.26906381128879003
0.9339153651968722	0.22046858917851972
0.8451067308624577	0.2737448768037168
0.3918254040959658	0.2628994780549142
1.022869553780679	0.14442171087220848
0.597927270757787	0.3078416658771876
0.3279191331842417	0.2146735533220905
0.4278916031371633	0.2853391453652204
0.8360871224970784	0.2762997752455384
0.380575750842686	0.25517095944215235
0.9754491117751324	0.17227814141620595
0.9555519623503266	0.21027064722028324
1.0130075564343024	0.16805223738039354
0.3166540687438182	0.2052707156767742
1.1087128726347557	0.12743913546023425
0.35699173423974095	0.23786362519656293
1.0951059404725594	0.13012462020198373
0.9751573922309168	0.1851891428478222
0.6537718996626752	0.31680971893339094
1.0682373161130436	0.13547775097580922
0.9725243519730767	0.20198421450079787
1.0518568436965625	0.13763726912591032
0.5182787404778169	0.2826572878533702
1.033091497169664	0.1602247512035946
0.6703289729153716	0.3181736640994824
0.5229597174497383	0.3283567624688276
0.3687576429525763	0.24668163651622121
0.4392262735490486	0.2916654724857457
0.48375542958178014	0.31330745756780254
0.9448762764789882	0.2153687034652362
0.4078935479337456	0.27333562336489003
0.8012798526567112	0.2845549869856423
0.993234883832906	0.16456500021432624
0.6559090345065117	0.3170184872759434
0.6536711997647228	0.3167996416986996
0.34353923963950983	0.22736089759445605
0.39088144350405835	0.2622643123682457
0.970690215371334	0.20288646132036509
1.0512425276153772	0.13191105594217173
0.7194817445311207	0.31884043557580893
0.8778932277532343	0.24354842019594614
0.5374801949429494	0.26095774208779376
0.8501826412113983	0.2527436770517733
0.8793095261648108	0.24303640830219472
0.9814820304601739	0.19757058790110255
0.37413757189676966	0.2505927616189837
0.5111401498944588	0.2796356164210543
0.3537574662265351	0.23537810368963574
0.6121432944977907	0.3107762873787739
0.8345545090846872	0.2572214214043093
0.5404469616368682	0.29121283697529216
0.8591626531068861	0.2694261306434843
0.5222152327549064	0.2842673881844962
0.9972576469320649	0.17493964848692536
0.541508967853792	0.29159182502962144
1.0346157283721265	0.1412458105026171
0.33023993428576653	0.21658758449758192
0.5140941815470701	0.2809020214871765
0.7366721599509498	0.293055394935465
1.11269363660971	0.12792685184485736
1.0233391053187957	0.1529690932352063
0.47970681606576615	0.31154493821364054
0.38635904077174793	0.2591873715218809
0.6929269538535268	0.2937232606713443
1.159882415464662	0.1278748954048016
0.6126784164238306	0.3108779267662655
0.8768805770341792	0.24391205143918077
0.49703069543019796	0.2732711871337602
0.6016319116532802	0.3086501561759836
0.29749029278601397	0.13672076387327325
0.4575387856722125	0.3011748495593006
0.5943399401488729	0.3070291719510259
0.6980019287026908	0.31916640074344665
0.8926018518881398	0.2380388442203609
0.37614213865401763	0.2520302250659939
0.7625939752027964	0.27102905504223745
0.5437179324339754	0.3348977438810854
0.7121497732641489	0.2939403959483232
0.6666569230804987	0.3179212592275963
1.062861475999808	0.14286139010129903
0.5259850515258061	0.2857722206239119
0.8036312681976758	0.28407798658044203
0.36848212685101994	0.2464792687900661
0.9292617756757247	0.22258547898376793
0.8510790499316998	0.27195984498299114
1.0183343829451805	0.15471563132095528
0.6085241534534215	0.31007214054277366
1.002352954411123	0.17265837934958037
0.6739701274655434	0.31839588803189284
0.6890965241551602	0.31902137945909237
0.9775689655613082	0.19949912220340452
0.6836891204711313	0.31885273952256554
0.4173057555225377	0.2791202629135697
0.4210812402059962	0.2813729434696294
1.0347379450015466	0.14933743757610954
0.8690558860441617	0.24665214705164185
0.32387699391236247	0.211319373978792
0.9993164576412931	0.1740126882015375
0.8010048751262788	0.28461000209071313
0.3608067219814146	0.24076179177553472
1.0448206997014327	0.13895066463882944
0.6026652919695509	0.3088701568157127
1.0442148398207776	0.13295789275218756
0.5996642851221438	0.3082246061030892
1.0316486379603804	0.15027096034479695
0.5654959600097931	0.3407433384131811
0.9464168681111429	0.21464026743711578
1.0430141126313024	0.13932390815122675
0.8850492355654515	0.18797489861917605
0.9218455539365846	0.2258930565445437
0.6423983037122372	0.3155343312614355
0.5710849398083083	0.3010457881225834
0.6798396433429086	0.31869546305279506
0.31940136800325963	0.20757868029180176
0.6501329315732924	0.3164318113419229
1.0182046222731043	0.16590528515311864
0.4452545886283021	0.29489199842584707
0.31118397988526997	0.2006549002839168
1.0566659325993641	0.14394951889641192
0.9981354252166316	0.16252442779678175
0.3727468537814754	0.2495891391170503
0.9491330957536837	0.21334966894721571
0.9931849887220086	0.17679168190926742
0.5399579012969852	0.2910373731734424
0.3330342325196477	0.21887970231485437
0.32270367173542797	0.21034125844193965
1.023465554333494	0.12661896896568647
0.9563693767761643	0.22923771222364858
0.3882133440606817	0.26045578510062134
1.109163275285071	0.131360065332735
0.3255790684700729	0.21273478316865987
0.9726951436275622	0.17350205338008917
0.42492711414127626	0.2836280262220342
1.0128565853240443	0.14753579779926113
0.82389631445589	0.25997598657096554
0.9289973489637344	0.20658880196832752
0.6203134410014128	0.3122589704215275
0.4624288823926294	0.3035683818133895
0.3573039220019853	0.23810216578290352
0.6964254851619658	0.3191527323750302
0.7827749789697337	0.28789903152751195
0.6297960495895476	0.31379550995796734
0.3982506355044522	0.2671577547987348
1.069052429683016	0.14198331979873813
0.397144124791485	0.2664325147782989
0.4800105507403085	0.2648852161063893
0.5344859823714849	0.2597446313076941
0.8215215772391777	0.28006539065992114
0.8446847989220784	0.27386817995192453
0.6111888469115362	0.31059342144548074
0.4074233932285189	0.2730403271406837
1.0185810381477314	0.16575271770507652
0.9611146137166134	0.17868949044985516
0.7747405505913506	0.28912415766382144
0.8263427336324181	0.2788684034947706
1.085369872273559	0.12980291768099772
0.7979925159451517	0.28520218227344973
0.35489386910951737	0.23625436770635674
0.8142168890614122	0.281785529502263
0.8271932445618201	0.27865215904817414
0.46138564699387896	0.30306284411814993
0.360836796456303	0.24078449199426183
0.4036121140796691	0.27062416734887046
1.0181591896833055	0.1547783065880912
0.6578684912368402	0.31720135049110326
0.933107203856318	0.2208384056759155
0.6256333284324026	0.3131452574746582
0.9458791347416715	0.21489482385181083
0.42224005579793367	0.23040424215302086
0.4652536373543465	0.3049234271795634
0.9953139608835947	0.17582066309851577
1.0573768727255521	0.14381432066206423
0.6022329248462885	0.30877840087857583
1.0761283590527049	0.14124849601468206
0.9034842183623925	0.25319480308109454
0.9550313127900576	0.21052179781998573
0.7067504367986843	0.3191486678194122
0.37300867476526595	0.24977848049138032
0.45716891871468973	0.30099133888651175
0.6269011660264855	0.3133473167047839
1.0584107483805512	0.14362243802257268
0.9652662557058237	0.18985696029827126
0.38493777369364046	0.25820879342627445
0.4302959055832257	0.28670963520805215
0.4331675762626756	0.28832632228405736
0.9686650171461693	0.20388142236607035
0.7071041771390306	0.2939612239504238
0.8634199185378042	0.24854850642344542
0.8235173761635642	0.2795758203915032
1.020800074993403	0.17887773757796313
0.8647515500871853	0.267595764037357
0.7262229166005845	0.2935910721854864
1.0866710748264594	0.13462900355893326
0.39247821601204824	0.26333730526353905
0.8661432997574771	0.26713003396999807
0.34593833040345967	0.22926492415361696
1.0410965989915748	0.14754410721637745
0.5537251428437934	0.29575239256160624
1.0116302437125133	0.16863314532294263
0.4097859231695589	0.27451807465244454
0.3213270427770991	0.2091912954716004
0.3120017387985847	0.20134634691351808
0.5759665663478112	0.3024058090000134
0.36319289708213914	0.2425556631294784
0.5478989611388131	0.29381357818195597
0.3791594945819015	0.25417349026704106
0.9393695094811054	0.2179498205967321
0.962242945392769	0.20702415139921554
0.7343441409443605	0.2931950755647768
0.4148088754143499	0.2776092330643797
0.4255137875500562	0.28396852963133695
0.8414784146269161	0.2747930684260097
0.9575319206850816	0.2093134955202867
0.9338144625322247	0.22051481171307455
0.6549004082076471	0.31692117164939726
0.6127740214336684	0.31089601866266886
1.0304948420314333	0.15062960455274133
0.8073954135642186	0.2832900020491939
0.790485788020885	0.286594044911163
0.9623073838556074	0.19125240047857162
0.8873272896804844	0.2595594446716634
0.933208341572642	0.2207921743023503
0.30265680275751966	0.19343038726528108
0.5189642537622097	0.28294053345241077
0.744789997500206	0.2924772850660883
0.7337329084117766	0.3180999511048628
0.44016546907905313	0.29217442224362195
0.5398904984346652	0.33376374872240283
0.9136698431962389	0.22943847455719377
0.8630261682083947	0.26816765108719365
0.683483046387876	0.31884510517105935
1.020569085468826	0.16495391880256038
0.9112364593327513	0.23047219168745844
0.36260263269368953	0.24211328024708398
0.919330791936774	0.2269952035058399
1.014477763621557	0.18171973388793827
0.37300867476526595	0.24977848049138032
0.993286018021464	0.17674546865506438
0.37270326175091945	0.24955759679388897
0.392539931733458	0.2633786360925848
0.8530570808171484	0.251863834224971
1.0100125715890098	0.16932135487060443
0.8037169807711712	0.2840603777115932
0.5435257463709107	0.2633349529734818
0.7089974847670737	0.293959884426973
0.43304012733319874	0.2375675653843793
0.564063177146416	0.29899113996344034
1.0184739897220048	0.17991196308696308
0.5854680790024654	0.30489378381058957
0.35616602392568253	0.2372315327319659
1.1115559402117035	0.1316671624851469
1.0245565909043866	0.16338895444189253
0.30408689372726844	0.19464269308481078
0.37478807379172474	0.2510604186367612
0.9859186303727648	0.1801455936345133
0.7058349890038355	0.3191579425733756
0.34849260505221685	0.17419541515522866
0.5387569555045189	0.3334217011952336
0.4737604828786579	0.26160717812555273
0.7260955981940949	0.3185486252098151
1.0717972732502747	0.1351802595824766
1.006837997904535	0.17068946185277012
0.8590835120280312	0.2694515894529596
0.4160113308841911	0.2783390346416377
0.692571659804502	0.31909758873266436
0.810276680482487	0.28266655583223255
0.8449120293952551	0.2738018214094203
0.95045294951855	0.23211675715848873
0.9749665990499125	0.20078156808775124
0.8527467883096239	0.2714481640940751
0.6586370769260133	0.31727084749139745
0.41919187383987155	0.2802504594575713
0.4566653953278899	0.300740953044165
0.9524660253015883	0.21175574618714602
1.0217075224069174	0.17847815080760787
0.4749939776955059	0.3094426844986998
0.936810269021961	0.23859013722182984
0.6628736965661869	0.3176314178062983
0.9987326929042482	0.18913702579295386
0.9614922008946607	0.1916364831094825
0.38839390638122345	0.26057879276004403
0.36438098410833836	0.24344335883320983
0.3206168297707068	0.20859706900273217
0.3983527327148312	0.2672245026878587
0.40214589334594136	0.26968404194436046
0.9198235809516861	0.2267800270199509
1.012160197350952	0.16840906702334624
0.5645149359482172	0.29912684414358987
0.9600306234341252	0.20810120183796701
0.7806087046028022	0.288242890712003
0.9681488748878883	0.20413474726848913
0.9717782641422886	0.18678282823921105
0.33326690592872565	0.21906992136444195
0.9698326045569784	0.2033079782775477
1.009924868486506	0.1693588442514578
0.9798990080285055	0.1983506607414817
0.39060050378810846	0.26207480283489504
0.36321329583275974	0.24257093519827286
0.4173763445783761	0.2791627349434767
0.6716166008071304	0.3182554390485085
1.0073548351190378	0.17046520911150742
0.8708836940005309	0.2655141724314024
1.059171440873106	0.11941348524827364
0.35568270306203775	0.2368607571843915
1.0241593652509118	0.163542530200121
0.37034674099322856	0.24784491134686926
0.5128371775386861	0.280365909388595
0.7216095200048789	0.31875636411979236
0.6009002809982451	0.30849294190850646
0.7401369089947212	0.29282595326123373
1.0351031187544846	0.14922971556750547
0.6559292168481142	0.3170204124184499
0.5458556433468308	0.2931140248267712
0.42044951578856377	0.28099870660387505
0.6249905006196311	0.31304146307538955
0.5786875339815126	0.2752938108302491
0.4164044007936419	0.27857674654705866
0.9359820520158808	0.2195188107634995
0.9046234179194068	0.2169868607554494
1.0671586882544193	0.13558020803030502
0.8234503749409562	0.2795923920657762
0.5714911753549596	0.30116109724746215
0.6168407824855362	0.3116468163285607
0.5021532278290194	0.3208192421252426
1.0251777071347585	0.1523496274254265
1.1074490905287984	0.12729795990684606
0.6931553771274326	0.29373057249146317
0.8129450696107948	0.28207349698714257
0.5788311285946248	0.30317795132311065
0.5221073245623058	0.28422378042604235
0.8620354002368898	0.26849329512087045
0.7396565648400251	0.3176696504165165
0.47670078471122057	0.3102103501833642
0.37331471575794667	0.24999956768697815
0.9707433692030694	0.15444338880172878
0.601012778338362	0.30851719406285655
0.6116277128812889	0.3106777570516646
0.4713807729233898	0.2603306601821296
0.3447284852827183	0.22830634812660877
0.3989153211573662	0.26759179091457486
0.42098049192461734	0.2295475527365178
0.49345388233382764	0.27157381952997245
0.3852092201618786	0.2583961183443694
1.0322138692563805	0.16053751792565096
0.47896156944839474	0.3112161384017933
0.6142098166110883	0.3111652807656753
0.7101482309751599	0.29395526818207823
0.36367305953898127	0.2429148638619956
1.0285028996120653	0.16189276549800505
0.5656116171096275	0.299454260588524
0.40726246709454167	0.2729391131044899
0.6706150067568478	0.31819213134819524
0.6076529005949205	0.28283853145857696
0.9475749504562193	0.21409097263929797
0.645009245704035	0.3158516563443842
1.114706005368972	0.1321173773218447
0.41832462998160036	0.27973198883537614
0.6775589373769224	0.318587643898243
0.6423585010419124	0.31552938020807075
0.7498118046180301	0.2920489114647575
0.3984804370764535	0.26730795136656177
0.9141949748913689	0.2292140740934449
0.6029662604317007	0.308933779341508
0.4996864894572968	0.3198588512187418
0.7966988709196424	0.2854505797252761
1.00311119706332	0.15087952077005432
0.3813002387747622	0.25567910688504797
0.4181402858960657	0.2796215184013594
0.6189801436513596	0.31202708695215264
0.8131995844578146	0.2820161431339459
0.9170382108689292	0.21180202559810252
0.880251094609306	0.2426938078060177
1.0202798091416427	0.1650694075861867
0.35204779233768835	0.23405386402964018
0.8042996267338788	0.2839402655702475
0.9561546993064466	0.20997961284127736
0.3708193375868398	0.24818957470505415
0.7561908412861951	0.2914269087527548
1.1091738874172234	0.13136136235448073
0.6023268900685244	0.3087983777395345
1.0142055793432319	0.16755086995319704
0.3587178464252974	0.23917947324914277
0.5094783018106076	0.3235870864543925
0.3092294580377343	0.199000797150633
0.9267363781071924	0.2237211488413527
0.44240331506669356	0.2933777756155913
0.37728355722466933	0.2528438866949558
0.6390413725399061	0.315104754311471
0.623356799888016	0.3127735993977809
0.30338116354184563	0.19404441081839652
0.9794370207805135	0.1831758279358426
1.037710664441954	0.14847705936684233
0.6592181274345452	0.2913830922116347
0.27790429182641396	0.17277905563897708
1.1364407607670866	0.12863575580266237
0.390856995321476	0.2622478293169245
0.5486160022274754	0.29405664768286266
1.069753301629215	0.13534341371801245
0.9375034162681013	0.21881599535880422
0.9785176717112368	0.18360768128742036
0.5845948411751678	0.3046738425911182
0.6106168752668016	0.31048286364724237
0.8737060672977094	0.2645305078774177
1.0026382379063152	0.17253198073464462
0.4322112616284903	0.2877903764085616
0.5773250185632104	0.30277436254883217
0.4069945626308012	0.27277045801791955
0.39612015459414096	0.2657583745898409
0.31463092349536304	0.2035663172729946
0.9733636562990317	0.2015710496446486
0.6243871531216827	0.3129432193293654
0.7876366088839619	0.2870909745252318
0.8260757034531988	0.27893598241047585
0.41045271547735485	0.2749323868499497
0.4139603770599719	0.27709188984673977
0.35635984734783127	0.23738005974547335
0.815300672001802	0.28153743818551724
0.6312672888512194	0.3140162825237339
0.6381101213639311	0.31498127262143355
0.8969844049501445	0.23631662703166514
1.034671451183544	0.1596694467582861
0.34742223994447635	0.2304361003620334
0.9426642297538657	0.21640988725485297
0.35331134643163153	0.23503324324603983
0.4341585569135614	0.2888791323457441
1.069452704270544	0.1301674655805601
0.3572648585634077	0.23807233101840244
0.8354780118275691	0.27646617800222445
0.6405891075388651	0.3153058348916088
0.3441808733746986	0.22787138734730625
0.5523593140825213	0.26663662191701026
1.0061237314282812	0.15930759709125145
0.6743593470855175	0.318417992528699
0.8175821658859365	0.28100706160726374
0.6749331245182536	0.31844999779061967
1.0027957667739305	0.1724622499787767
1.0201597863762244	0.16511739984625123
0.4113134332073688	0.2754653988451681
0.8052585154268411	0.2837410243689338
0.5731908134659903	0.3016393330234793
0.6467073811644849	0.31605017555610476
0.3825616290990709	0.25656041886502007
0.5693593404791855	0.2724264195652131
0.6372985965645901	0.31487213672388603
0.3748764943261227	0.2511238978099626
0.3569625040767615	0.2378412781464222
0.3606464363755999	0.24064076919258032
0.980885952693504	0.19786428680765253
0.5664840441703184	0.29971268816564617
0.6285819668299455	0.313609771044077
0.383388690770113	0.25713591670950114
1.0295451993708873	0.14254965969926353
1.085862044613134	0.13462955056289072
0.6245038905430825	0.3129622900972401
0.9515456576569001	0.19630075547118453
0.8029425974943454	0.3086058307308008
0.5576879062729646	0.2970241666430383
0.39256462429064504	0.26339516968967847
0.41940569817470363	0.28037797851136126
0.3777785739101899	0.2531956645888347
0.38803297884439203	0.26033282242101335
0.3782525806950637	0.2535318900917111
0.6937705117481513	0.2937496951532479
0.7296431415725031	0.3183550921148654
0.5087232525337371	0.32330756836306274
0.9620622182192167	0.19136793270417254
0.6533288939094841	0.31676522469889606
0.8766435083479742	0.24399688351114315
0.8795590892412168	0.2624396019657368
0.33731320773926954	0.22236139042896397
0.5093796327057929	0.27887007357265364
0.35368142287483656	0.23531935483020286
0.8827369576734266	0.26127575869203656
0.4590065556403192	0.30189965175806766
0.9465028123030127	0.21459955298587022
0.39940263060562514	0.2679092296091459
0.5006161307063172	0.27493835637109176
1.0682529225987325	0.1420846151084867
0.9396241139229289	0.20180329896777124
1.0609764431605957	0.13080406622566035
0.3753526443732607	0.2514653751965392
0.5822376261234103	0.30407135121569634
1.0351210704004445	0.14922443456385578
0.42319134015995497	0.28261516635562806
0.9625582981815783	0.17804069840165931
0.3470247943280165	0.23012291134135496
0.40562089295777876	0.271902596277949
0.5425249829825118	0.29195179523248915
1.006349816371757	0.17090180311660141
0.5038138912047478	0.321457737851456
0.9635820523758317	0.19065147773323377
0.6219788602431604	0.31254311479699287
0.8503559260015819	0.2721799164711759
0.4039541735159809	0.2708426432464678
0.7809058875041663	0.28819630924747774
0.6850085608458215	0.3188995176082298
0.4911996005759311	0.3164444458295822
0.584485795352175	0.30464625395734796
0.9218572049516928	0.22588792679826222
0.868853202375985	0.2662118902075867
1.0466497691152647	0.1385876315230789
0.8684181176836001	0.2663603069584525
0.4013522697341419	0.2691727160356939
0.8074978623003154	0.28326813575522647
0.951433315960522	0.21225078427768784
0.5088225131296452	0.32334439008768656
0.3923301895881797	0.2632381297497721
0.7423572691612653	0.29266536905419477
0.692157656238605	0.3190898284640007
0.599252889372931	0.3081345266690492
0.3970427250843074	0.26636588598459376
0.5748969497269826	0.3021125869579327
0.39345594583461446	0.2639908568443455
0.6704515514043017	0.3181815992629735
0.4027597485941487	0.2700783578535758
0.7883436183827494	0.311419689816297
0.8997411818141009	0.2352148787622269
0.664092805834522	0.31772812349863594
0.45358173706448773	0.29919340289601115
0.3782638843546965	0.2535399006427525
0.4436416027764573	0.29403800034805955
0.4622747090654998	0.30349384485634673
0.6122770325931292	0.31080174884907674
0.3967515270364272	0.26617438528579845
0.6192311450751785	0.31207103996625785
0.4341871105187701	0.23830900291422363
0.9996580636718456	0.17385954082400268
1.0144791382243885	0.1674369116339568
1.000873043719729	0.15168599764455057
0.7387333614642884	0.2929220046505904
0.5625897081992627	0.2985451495759395
0.8257751789434816	0.27901185834395936
0.9557183650033478	0.21019032938944734
0.6399339552954091	0.3152213494480281
0.8253575813722849	0.2791169768895996
0.3401423650617215	0.22464335192911225
0.6458479345632224	0.31595047671526827
0.4172634139761821	0.279094780359341
0.5865453934615042	0.34543329136226125
0.5958426174821944	0.30737306734326103
0.6545499108580614	0.29085963973662243
0.8610427526770194	0.2688175408032872
0.3590835590676062	0.2394572994072084
1.0808989822312611	0.12979496667163182
0.3528856412001152	0.23470371189993514
0.7717018223733957	0.28955167068653487
0.9376141622905949	0.21876471614919332
1.1161786378103324	0.12840888322982552
0.5893065728514769	0.3058397894201475
0.7811156270132636	0.28816332077495244
0.8182906708024207	0.28084011825270105
1.0203433318516786	0.16504402522489156
0.8609007929317947	0.26886374649067174
0.6260621966533876	0.313214001384734
0.8427825008103175	0.2744194896030918
0.6714325794295459	0.318243966044988
1.0367702203847604	0.15894764164482958
1.017564356731806	0.16616573992509578
1.0432275036257233	0.1392790667294112
0.948162921256826	0.21381153891038446
0.6206229828492245	0.31231224469841695
0.32998224722325215	0.21637551252057022
0.6356976748353647	0.31465265919663654
0.3742476284470931	0.2506719631244682
1.0197824644780322	0.15420147944234752
0.6608041036428602	0.31746003676808676
0.9503650273515619	0.2127617935996055
0.8146234707908512	0.2816927489970484
0.40195041755831873	0.2695582589126492
0.6025900743667004	0.30885422453860684
0.7447024811731997	0.27270053827708324
0.6213199602892631	0.3124314268827768
0.9565409256243557	0.2291536644037949
0.4207651356533196	0.28118581631050477
0.713709325808674	0.2939227887187837
0.3571282264901677	0.23796794800867965
0.5794780960670235	0.30334969808234075
0.6596086846982634	0.31735690557882557
1.0667325805496632	0.13562225329885733
1.032817271765634	0.14991319700479544
0.6363495258915709	0.31474269457099974
0.4173904653617404	0.27917122951468476
0.3942895586283078	0.2645459993570083
0.33263419158277807	0.21855242024663496
0.41494832195753634	0.27769406839834604
0.7298300733255793	0.2934327109979987
0.8736906894578256	0.2645359109217787
0.8285420152412577	0.2783061092751945
0.6378725202688841	0.3149494669680596
0.43246891051497444	0.287935009507765
0.741908027500874	0.31748726807202127
0.5258602044912821	0.28572296275007525
0.4095686970868427	0.2743828385183345
0.30927417487896675	0.1990386610227475
0.9787478152239109	0.18349953616955209
0.815926596199427	0.2813930252104678
0.9791828846646405	0.1832951643314047
0.6110172003997411	0.31056031998748623
0.8760683222790014	0.26369488075432357
1.0439206037030773	0.1391348124674112
0.625847730981868	0.31317967472124497
0.42655913540610807	0.28457295507170527
0.8887703947481572	0.23951458646265086
0.4134336474107509	0.27676974792678855
0.3894571853331429	0.261301334356569
0.780066627175297	0.2883273734455802
0.37656637604883897	0.25233305428864206
0.4097859231695589	0.27451807465244454
0.8804087069634775	0.262130404994466
0.9324924534421749	0.1610141466208568
0.8046079449471192	0.28387641474889513
0.5928599488791402	0.30668544856431335
0.9917352355699308	0.17745622522324023
0.5929892832746794	0.30671568497768065
0.9274125794670833	0.22341799011871763
1.0236603759511445	0.17762602321276352
0.9288305918005502	0.24225395002438943
0.7911797033557767	0.2864704046170221
0.38616881893883376	0.25905671962498883
0.9970815328115793	0.17501924729767088
0.4965076633655774	0.3186000215036564
0.762953578918934	0.25446585533266247
0.40773221994192915	0.27323436418862135
0.3964608123849031	0.2659829698618303
0.4299058329817192	0.28648833747086594
0.28350314208058086	0.17735188240508692
0.8154360467230377	0.2815062747723416
0.5994959503306595	0.3081877936419954
0.6123916877514135	0.3108235455879787
