mu	sd
0.38536023365083627	0.23919290792538872
0.5580767290289596	0.23944618478422017
0.2708857048803982	0.18971932600984345
0.4665405922953557	0.26869406351510083
0.40276890982151536	0.24583855401539223
0.5407554649217042	0.29299714245052755
0.46006304077066495	0.2664674950958132
0.4212757753464054	0.25269919800296337
0.642279259008553	0.2610888863484011
0.9018023713987136	0.25385644013771036
0.6646321162055098	0.26664439932462286
0.65629636349181	0.2645795405263322
0.34031583186442593	0.22102569663863203
1.0434233948543874	0.2237394610100107
0.4339663816544297	0.257290577519973
0.7567540192362219	0.2516006378123471
0.5051563686880871	0.28159330810929456
1.1400078373176297	0.23783605772238825
0.7447083071982452	0.2490365290767969
0.4550163240252644	0.26471911659245967
0.7174980640463597	0.243212659330433
0.757466694288443	0.2517521225562385
0.27810157194937174	0.19318829694648215
0.407160502329787	0.2474849908490051
0.7098046605362516	0.27772555413074707
0.7085643681425324	0.24128873425404956
0.5940214009020788	0.2488496366275805
0.6900034476607468	0.2728872429000569
0.35981109170723957	0.2290711014648148
0.8561496826954131	0.24523708568703897
0.7031111417740854	0.2401110062880026
0.6810612777467756	0.27069339017045785
0.7728202429859526	0.25501068937695837
0.7673720342465741	0.2538553888334675
1.1886007577689714	0.23098128450791208
0.5207431949810302	0.2866377414517849
1.064144885267936	0.24196682779221865
0.8408812794122237	0.24235498176518677
0.4270403611876576	0.2547957785745504
0.7607629310746288	0.2524524760531307
1.0817063994944807	0.21649313493667832
0.9269851768636773	0.22040120216047634
0.6288975720502793	0.25773212771393833
1.102168612281129	0.2676436662501957
0.3215544126000223	0.21299587959188082
0.43673179984907573	0.25827949714906345
0.465908789560855	0.26847774034262206
0.4238988033543887	0.25365549732744813
0.6631723627008973	0.2662833498892748
0.4166333776536533	0.2509970997035606
0.6949798816085562	0.2741055442220711
0.8927158521104976	0.23128043381666824
0.6128061587752647	0.2536598095490555
0.57080139033955	0.24280772812360377
0.6332496729727407	0.22473384642022906
0.4130974633764941	0.24969233542126468
0.40429412578359347	0.24641170086683148
0.4421996354059652	0.26022299410524363
0.43679988699946926	0.2583037942058211
0.608924404151196	0.2526710310411943
0.6028419027046611	0.25111632091121044
0.48385570328329164	0.27455394169803077
0.7062417474004006	0.24078744178730951
0.44913195870926825	0.26266501243201995
0.46915863382239714	0.26958852748217726
1.0397628972926387	0.23810827638482013
0.8511522646271805	0.22415107437591633
0.989177194038682	0.21588304191760072
1.0203816846969942	0.23505402379479268
0.8652224497275037	0.22656883784996376
0.9896945969666542	0.21595799463113324
0.43559957391732845	0.25787510096983346
0.9177342333556101	0.25687299764407356
0.4205495002687219	0.2524337269844421
0.42388799869762517	0.2536515661116778
0.8645150851369781	0.24681551834865612
1.190923915243921	0.20032087404177865
0.3758032527379325	0.23546002392894114
0.5735285728506172	0.24352333235735146
0.4572710909216234	0.2655017548802027
0.7641470898045516	0.25317104162861703
0.6591372094895145	0.2305028736894029
1.2236173509278234	0.22356382777416567
0.46711639902759405	0.21409683881894775
0.5709460966045067	0.24284574053114746
0.35877197071594397	0.22864956321675906
0.6301639969936558	0.25805090971138533
0.9533535305551453	0.24165700356065967
0.7517756173782882	0.2505417857832936
0.893801545130956	0.2523439894955789
0.6991457598169707	0.27512411902239875
1.0423182585322313	0.23851174338111575
0.7626247080485384	0.25284784779228187
1.1433360783832502	0.23832705840270313
0.4364822959669289	0.2581904402249626
0.639700308897666	0.26044391053268273
0.9893021392810776	0.24783406151886841
0.6866037504521593	0.27205391006359514
0.8823905762076094	0.2501888848742371
0.621736451893684	0.2559249446833953
0.6212679297162901	0.25580642904013984
1.130827694233674	0.2526569746970496
0.7347869415546979	0.24691867461252923
0.41100351680134756	0.24891620543956944
0.7131546611649049	0.2422781020076363
1.062224912077236	0.26053376157790514
0.6428473257060339	0.2612308358428022
0.6329401128771038	0.25874887937078467
0.9766030766808511	0.24564779179986784
0.8646363361861757	0.2468383959149926
0.4654673691889749	0.2683264942062848
0.6025100084455537	0.2510312949452997
0.7601977397099252	0.22701492771090323
0.7702411625312084	0.25446391570664384
0.4273467598980077	0.2549066985356686
0.8460052219137184	0.24332246033504826
0.8179040841464044	0.264547932127389
0.9422811529961006	0.26153851694602953
1.0140128281236496	0.25210600711227515
0.4392054150492264	0.25916065065094346
0.8743673187913954	0.24867454105670259
0.7744002604120993	0.25534555469190234
0.40217335050551034	0.2456143662122721
0.5903557482372469	0.24790323214522592
1.002354516529215	0.23222066603619512
1.2256401839620166	0.2506508982318754
0.5831590615026413	0.2460373132174104
0.40744390246719836	0.24759083720662878
0.4195701503088785	0.2520752762504482
0.624903167506046	0.25672507647682663
0.9025796854218843	0.23296825603721144
0.8674813769368545	0.24737519986998457
0.8924972901179358	0.2520975591875463
0.3904631812308797	0.24116109902248203
0.843872754932114	0.2429198593161859
0.41537608431331624	0.25053398876713
1.2668414534179335	0.2291000059543741
0.5240396923780964	0.23025323106104098
0.8412378928820711	0.24242232730922392
0.7453840613495833	0.24918057137885563
1.1240876126545767	0.23549359297976558
0.46257125521137166	0.2673319640545548
0.5460502879005652	0.23623297619426673
0.46332062359442566	0.2675896694180878
0.35929916466756096	0.22886352893323839
0.42316511287467307	0.25338839946546715
0.35701831127621725	0.22793634011284875
0.5049686819197448	0.28153204025156675
0.8612254391698573	0.24619482756832045
0.46717872579886077	0.21411514406741577
0.7263462819953438	0.24511199948820847
0.5869537628390196	0.24702250237923734
0.7295958546779064	0.2825421779767845
0.5875045790981341	0.24716526050604376
0.599209514173073	0.2501846519243885
1.0362308978329766	0.23755092615693865
0.4589281197754831	0.2660753690206676
1.219974954310871	0.23529547586996405
0.6110360524416967	0.2532092430565126
0.677716000788044	0.2698709740237811
0.40163857623380306	0.24541287342530252
0.5946923764133193	0.2490225847984492
0.8882558686804078	0.25129637342056677
0.958655282068956	0.22536811277130786
0.7934475160920159	0.2593774776386656
0.4565133900409496	0.2652390257915728
0.4106852792085783	0.2487980222584167
0.6668556600115432	0.26719393250815554
0.8805863602402775	0.24984829676673737
0.38812241379376144	0.2402603935951904
0.6302708616995152	0.25807779856452384
1.1970085744138668	0.2099269926992692
0.6058442137700367	0.2518845526153811
0.45992709994278413	0.2664205582309611
0.974504096703795	0.20203688776363615
0.6244958320028862	0.2566222432777932
0.7906126602571993	0.25877785411711157
0.4583132517179873	0.26586267206004355
0.4363689624550059	0.25814997656448535
1.1341303496087773	0.23697009823763326
0.41467679344197955	0.25027601462530297
0.4956893023648206	0.27848649021062927
0.6440419735315367	0.2615292174747137
0.418838085160445	0.25180697653537776
0.5809335679795228	0.245458128656582
1.1044977932384075	0.23262373100115077
0.4823544621297803	0.27405097657108013
0.9713064701773926	0.2670947367056081
0.5804507977411739	0.21263050126383917
0.8510662134298765	0.24427775789019682
0.6367865037975197	0.2597140983222822
0.4624590226893999	0.267293345233411
0.6415877781264081	0.26091603994701584
0.8457163622278917	0.24326792798958655
0.45270759816540374	0.2639152082523405
0.7804695202793213	0.25663119466660206
0.6894991832036675	0.23715913277707118
0.8326155292344459	0.26765936557377107
1.1414022658746148	0.23804171468525484
0.9349506776263172	0.23850559970977198
1.0592703735934104	0.24119372398493036
0.9643017180898704	0.24353462909601317
0.706959818637002	0.2770318434832047
0.6034450921625675	0.2512707966569114
0.5374620738875301	0.23391555172933862
0.4143747122725839	0.25016448619603376
0.805028475427154	0.2161742052580601
1.0902891650703	0.2461305154533103
0.9173700550070043	0.2568039573810674
0.6932277362870121	0.2736767926965027
0.3952722670513047	0.24300046841961925
0.6899007818289489	0.23724648503587584
0.6723114541297885	0.26854017828337606
0.49564733133396566	0.27847264054842474
0.6200995012832319	0.25551071472060344
1.0184856312620418	0.2528822228954405
0.6923915090569223	0.23778787934634407
0.5791003195905295	0.24498023723304002
0.6604901571367887	0.26561934757038397
0.43739070636875577	0.25851452698938776
0.4493458972766442	0.26273999189791897
0.37452881636647045	0.2349575238024211
0.7727169969386145	0.2930166807876399
0.824427040600329	0.2195404016123936
0.45809223195638094	0.26578617246848146
0.7880315150943563	0.25823178240766337
0.8051827708992645	0.23559920970921644
0.5873169609795038	0.2471166414130547
0.7657779263713607	0.25351716064182206
0.6556767186083415	0.264425736107614
0.549376169350191	0.23712523365025062
1.0001868330335026	0.24971260401040532
1.1652849440506736	0.24157752054945203
0.3784901565781246	0.23651577786394226
0.8757999843038501	0.19933253727425093
1.070612865184194	0.24299411408418986
0.7676359451270701	0.2539113749615633
0.5713806153849602	0.24295985446244484
0.5981888215985467	0.2167531410477786
0.6041975605726709	0.25146340937762546
0.3925601005327625	0.2419649522913417
1.026646996980968	0.23604031707032966
0.7628273290438415	0.25289086846138586
0.5829508445933441	0.24598316893969852
0.8473028807763524	0.27076994828483797
0.8084958967656624	0.23622775584118696
0.678381068833867	0.23473402588463244
0.5997694622576746	0.2503284328884666
0.7872884750896402	0.25807456148252
1.0143961983468341	0.2341125927387841
0.7010068310310553	0.23965582474024677
0.7965734348659737	0.260038538677234
0.6114019377610728	0.2533024204055457
0.7961297980723431	0.25994472676024644
0.9352073554001749	0.23854952509831912
0.8371495588150664	0.24165013870647342
1.0587824960429424	0.24111639584487224
0.8519015094614998	0.2444354033654089
0.44952430760736295	0.26280250235401703
0.4133461766151716	0.24978435032939664
1.0577910421125778	0.24095927864830688
0.9156172834040405	0.23519830063891178
0.7215458001383368	0.24408226451910678
1.0638320657212799	0.2608173302195798
0.8419092198551664	0.24254910074095376
0.6873599109606932	0.2722393359890886
0.8524299937795838	0.24453514143872349
0.6345194087173878	0.2591454453335761
0.4591744483106749	0.2661605295214337
0.3921316374365875	0.24180093191250832
0.740543682074259	0.24814824066431335
0.3690352297947584	0.23277845126578667
1.157096872884044	0.24036229483695037
0.3690783108021156	0.2327956225195444
0.9399442818119844	0.26109321727618245
0.6063162108519955	0.2520051792218141
0.4617492602536265	0.2670489828150497
0.5648050884696552	0.24122837551668483
0.6022398253520908	0.25096206343848465
0.9273156331059754	0.2204530823641734
0.9957142990076958	0.2489401452609147
0.5743734789872526	0.30342819526099923
0.8863444297201102	0.2509354030988333
0.39501219050525466	0.24290137376284332
0.4574424718201307	0.26556114237191736
0.7469333637059093	0.24951072369856359
0.9754845357102723	0.24545547123295774
1.0718500821018384	0.24319081413768937
0.9868952564869033	0.24741927287104656
1.1671611751849769	0.20640126690529734
0.6766130801344349	0.2695996119997496
0.6505466092857843	0.2631506299914761
0.6300171135203931	0.2580139487376622
0.39528190488575415	0.24300413981138635
0.44036458670857515	0.2595724728136493
0.40608047128022784	0.2470811680941688
0.696142041849226	0.27438981121680667
0.6201124613027362	0.25551399593891333
1.0737216813175003	0.2434884961891168
0.43855343965652394	0.2589287142334759
0.8094591392137079	0.2627627109956322
1.1648201802740128	0.22773489395198815
0.6704016939115672	0.23298502905323268
1.0294940924813027	0.2547970939175526
0.43238785571217936	0.2567242658055279
0.46243408823887944	0.26728476458139144
0.4410325233959721	0.25980945621221685
0.39066164885989635	0.24123730341935898
1.226575104423066	0.2507932767506992
0.46173682434600316	0.2670446991952053
0.9798601347901327	0.20276255176358468
0.6875567752208477	0.2367364017361137
0.4513507759629358	0.2634415457166256
0.45781007366111853	0.2656884778300314
0.47078720969650256	0.21517246766402895
0.5905925166757051	0.24796444179323057
0.9475383033966243	0.26254129389332864
0.37453764228109127	0.23496100766431088
0.6866891317672009	0.2365474472199812
0.7835953298200257	0.2572929609743054
0.42065617681628414	0.25247273858445013
0.8892877267450061	0.2514912599004434
0.4163289617452536	0.2508850553547115
0.43756137889544544	0.2585753681075988
0.5002858440131224	0.27999916590330287
0.5385123044378335	0.23420000071954275
0.39761586404863103	0.2438914943187492
1.1214910886677674	0.2511451067412528
0.473987397981658	0.27123025743824736
0.9156749659438107	0.25648266380822143
0.41793913559043405	0.25147709425105574
0.9533966039348443	0.26366047565039075
0.5286101783079412	0.28915258634641955
0.7936991481446501	0.25943069675656
0.758409548991588	0.25195249929536223
0.6007089278306171	0.25056953279976024
0.43734521215452016	0.25849830668861834
0.7883260444245848	0.2582940994745318
1.0638628191118575	0.2419220666078275
1.1346729483365798	0.23704998345213477
1.0662870321193696	0.28577305766840494
0.5571806073949648	0.2392080013967541
0.6367184052275979	0.2596970277849072
1.0299043160094978	0.2365534632562392
0.41519846975649566	0.25046849228445295
0.6258079580181392	0.22305710111743995
0.9549532455103391	0.22478786228342743
0.4776337157535616	0.2724631951332397
1.0100772385895829	0.2514238294438942
0.4630581166094969	0.2674994237160934
0.4444323514595786	0.26101215745686596
0.7779424140582609	0.2560960042632837
0.45669651475636847	0.26530254853651486
0.3987864075422645	0.2443352334621128
0.6746283570983445	0.23391239172384798
0.422315345275333	0.25307866626230596
1.2390075258216304	0.2255281911464044
0.7888847383149281	0.25841230467209625
1.0183931090396368	0.25286615627685044
0.8608839659262368	0.2736523937395409
0.49448848455366096	0.278089972117045
0.7382083521182162	0.2476496878298719
0.5862519652972219	0.24684052381658383
0.7465592684540735	0.24943101679569538
0.9443567694714095	0.24011575051676634
1.008845977448901	0.2512105585120115
0.7935261329264002	0.259394104860639
0.7263855742835083	0.2451204210749084
0.48784731485857674	0.2758867379699598
0.3919984935187391	0.24174993887088997
0.8300423836682205	0.24030706183322986
0.6108721666863065	0.25316749996821014
0.5826387737328523	0.24590200169412166
0.9809390090033977	0.24639366886719372
0.40183650525034986	0.2454874699109288
0.4465894867321265	0.26177220099260406
1.1411100037101503	0.22451436197571714
0.6852517259466206	0.23623423559639853
0.601994398315662	0.25089916375301646
0.37740628120053027	0.23609049203101626
0.6457299497969756	0.261950497692205
0.5765740908797968	0.24432051625495363
1.1262347515667905	0.22250053903538403
0.4942377658646769	0.27800711219671853
0.5175552894909784	0.22846540262274326
0.6614585339635215	0.23101568973782624
0.9941236767938032	0.24866561958556752
0.5210321472473493	0.2867304684363651
0.7427981686019565	0.24862923096706563
0.9934612753717822	0.24855132472389513
0.7625957712928947	0.2528417037811513
0.6817359078121712	0.23546720278193037
0.43896502849031815	0.25907516034942574
0.8056231428582945	0.2619518265758088
0.563280358047275	0.24082545114900095
0.46951636134796804	0.2697105067187499
0.6104313406924295	0.25305519478513944
0.9751290671384016	0.2279501082370258
0.6811387358772371	0.2707124213790179
0.39754775560757555	0.2438656487120752
1.0284122041683912	0.2546086109151931
0.8801760324671735	0.24977084259140414
0.4429998909345379	0.2605061408365318
0.8844263013313685	0.2505732207432868
0.4221972448473031	0.2530355874631472
0.7737137645135266	0.25520006968055237
0.5440945277341708	0.23570695346531412
0.8188616548517034	0.2647503801073782
0.42301431710863086	0.2533334653009353
0.41704333917229286	0.25114790684155736
0.8384080490164747	0.19377117590759907
0.9869602894504226	0.22980508267340397
0.5740228813774312	0.2436528597967801
0.7438688104634187	0.24885754865075885
0.9323662497308304	0.259650965690816
0.43690205040467855	0.2583402468708556
0.9665139693034593	0.24391436127464805
0.6009656167095938	0.2506353795717743
0.8599952093417114	0.24596270367344014
0.7208873407122289	0.24394088798656566
0.6544456123642794	0.22946427806358022
0.4084383465392912	0.24796186690561395
0.4506927976145305	0.26321152231164124
0.43258884477538384	0.2567964468746134
0.45968010464100717	0.2663352548635619
0.8396286166055071	0.24211840463486617
0.7741589826213562	0.29336734811622606
0.5986990977741443	0.25005353810754993
0.6000358399274316	0.2171789436510069
0.8493281325199836	0.2439497108933474
0.5358290304680813	0.23347265556856256
0.46531618425859456	0.2682746724570922
0.4599394554592582	0.2664248246315341
0.7127231785026336	0.27843681781100366
0.8357260174638854	0.24138120127962587
0.4467778774478216	0.26183846702762575
1.041815991862864	0.23843242463853348
0.5526651722216038	0.23800482393571762
0.5724080175573651	0.24322950354438322
0.40593950521959626	0.2470284088830958
0.7931177675754738	0.2333066907269899
0.6013396892626499	0.21747914570067817
1.19103472429218	0.19249931882151633
0.3862495403462053	0.2395371435110049
0.7889779353289087	0.25843202221314154
1.0080873227266054	0.2510791842880745
0.889740017619465	0.251576689102678
0.7425378477184822	0.24857370693804362
0.9704638362556757	0.2445926636740061
0.879183554630955	0.24958350768873253
0.43753861624123563	0.2585672545905491
0.445884184143719	0.2615239537400694
0.8480914051477103	0.24371627283565805
0.7048455783380695	0.24048587749759476
0.7794838716175818	0.256422473631965
0.7619019706961824	0.25269438216187184
1.2320946570514302	0.19681011497827755
0.7132826078417065	0.27857310953264974
0.335947350401581	0.21918198991148852
0.5531694674027098	0.2381394487507344
0.6363645137206123	0.25960830593785356
0.957257299342156	0.2423262142690979
0.5746254354827202	0.30350534362363357
0.9517021566860624	0.2242782527194922
0.733983433080887	0.2467468915209254
0.4384278028060386	0.25888399415905794
0.418488705752205	0.2516788218917982
0.6241808162760087	0.25654269882030484
0.9197970920915319	0.23591319967401478
0.4693885496873661	0.2696669316180613
0.7271840460613709	0.22063334403849516
0.41496879998735803	0.25038377288502106
0.43520443263849096	0.2577338089789086
1.1315083269742416	0.25276741279909626
1.4910971113637477	0.2155356244547422
0.26684486102115457	0.1877526688923762
0.728237166926482	0.2455171531645233
0.9989255157301766	0.2053409547955034
0.4525391318282977	0.26385644611537495
0.6864936127297926	0.27202689835546984
0.45267148953772357	0.2639026144979153
0.8940707525734263	0.2020258818677838
1.0829251013127943	0.22947662930990265
0.9963330108097236	0.2312754575547548
0.5555859817623529	0.29763425536333427
0.8482830743243772	0.27097775817843606
0.4494410349425868	0.26277332768747935
0.37444939841092356	0.23492617264019966
0.6073370519658176	0.2522659358173225
0.44421058010105013	0.26093388511095617
0.9928624888141574	0.2307308962348707
0.4437908804200258	0.2607856871437406
0.6485384542889753	0.26265062642821224
0.5708125192261987	0.24281065170154012
0.3703659029892874	0.23330822374538765
0.621788550620691	0.2559381212258416
0.46510214456670546	0.2682012880515545
0.7098046605362516	0.27772555413074707
0.843872754932114	0.2429198593161859
0.6290439663288627	0.25776899003773407
0.6116292434723233	0.25336029507454694
0.6812472060356081	0.2707390712882076
0.39289387836216655	0.24209264425829197
0.3442852440004438	0.22268771630090253
1.0857016089150697	0.24539764005774795
0.4918664910220234	0.27722220982402757
0.7332350989768166	0.24658686689267387
0.4455204954179067	0.261395847239913
1.1560522106478095	0.2050901291859592
0.4298989561376262	0.20289102561564154
1.003975600443041	0.21802620394331895
0.6034081301734497	0.25126133267099254
0.5444315345674225	0.23579766632763055
0.35806554122156015	0.22836252987829073
0.475106415104601	0.27160924652496415
0.8388408583283532	0.26897712979668825
1.0439201930420272	0.2573169634763124
0.45934700816839785	0.26622016970376544
0.4494172474173146	0.2627649930715579
0.6379872892731746	0.26001499769858055
0.7748187510700603	0.2554342360025976
0.8107795015366832	0.21717414975960014
0.7205392336711717	0.2438661333833857
0.6622103823650427	0.2311816362501762
0.8778461429241716	0.2287338683103826
0.782673469265845	0.23131689795705884
0.8183069761634524	0.2646331100467907
0.6429166671505238	0.2612481600747472
0.5835990770030146	0.24615170408228088
0.7627260046076045	0.2528693553717699
0.7306413208868208	0.246031926570245
0.7834116302307709	0.2572540760989603
0.7609069184874522	0.2524830586511663
0.4367091080040657	0.25827139896898876
0.9765879427545757	0.22817879410243194
0.635820788141377	0.25947195771753495
0.6337625829429272	0.25895544884922356
0.3219605709666651	0.2131728542852233
0.612818836619646	0.2536630346581945
0.9103143959211583	0.23429131421082103
0.625166228376834	0.25679147339154623
0.8467594147603202	0.2706547420324501
0.6416292272890898	0.26092640260967304
0.6918087529910819	0.2376612654727299
0.6010132269899946	0.21740400952820382
0.4331031803512661	0.2569810610493457
0.7656842871034895	0.228067876614867
0.30255740794253255	0.20455492755120747
0.9111102379979524	0.2556179051041937
0.6751783785823477	0.2692464543262105
0.43925122747999285	0.2591769398203684
1.203647494856668	0.24731883801483795
0.8645005054037413	0.2264449118117037
0.47092150345754813	0.21521172350682177
0.381881757381968	0.2378413887307828
0.4574424718201307	0.26556114237191736
0.876033782911211	0.2489890319201765
0.9388942174280087	0.23918053446991563
0.9615853651603338	0.24306852825998881
0.7808037173987787	0.25670195876772295
0.47200736010159516	0.27055831351299986
0.7566685911677057	0.2515824778731924
0.8521911942445995	0.2085899730749701
0.5826734332035605	0.24591101736583462
0.9775570791236519	0.24581185153906496
1.0215922356273444	0.23524451960727344
0.5556610259099525	0.2388036576522652
0.9004401734313173	0.28210242071837865
0.7808795655203925	0.23097458765249257
0.4516983473417067	0.26356296772999527
0.4165073682936695	0.25095072677813385
0.7362781513977152	0.24723737372242147
1.1302921969680495	0.2525701077701511
1.3304764266987794	0.2508916754905121
0.8999568775874393	0.25350745082882775
0.8962422950587744	0.2528052393923785
0.4095184439414252	0.24836418188584142
0.7333953259492508	0.246621133061493
0.8095454226039546	0.2364267841373096
0.5842602388686278	0.24632351047931503
0.7695623318315922	0.25431996493441333
0.8514323497206764	0.24434685950347368
0.8008184443771288	0.23477060976502528
0.4781603012876854	0.2726407767660657
1.2086873375181937	0.23373880531919922
0.43379800430232673	0.25723023405549666
1.0973022237626162	0.24725292226717616
0.9166978461563767	0.23538311436916373
0.6181354318384731	0.25501313704358974
0.9425765360223819	0.261594822493575
0.48807901076427074	0.2759639012584565
0.4840035658376702	0.2746034298342801
0.8010624446960808	0.234816954630802
0.6340732165222212	0.2590334414432206
0.6214760804229511	0.2558590863943671
0.434990173659007	0.2576571610295871
0.37857097839737613	0.23654745813521902
0.7667716073644237	0.25372800477020085
0.5336916927517468	0.23289188573471162
0.8759089416876963	0.24896547152176732
1.206696815424303	0.2214115867699994
1.1290445392568338	0.23622189111201344
0.5982986177987303	0.24995062991745565
0.4144788375197992	0.25020293527705606
0.9075972936613859	0.23382656929802423
0.9470225308624538	0.2405722912873884
0.5730574543749444	0.24339983109118488
0.5857763080149454	0.3069063941318189
0.8380969104914081	0.26881960557695916
0.8187775602902956	0.2647326006996518
0.4829165183155129	0.27423939379719603
0.8576207959717393	0.2455146790648003
0.6328895734667446	0.22465290898451237
0.5814280595926616	0.2455869103526213
0.6229825156027071	0.22241817070488779
0.9440324929352781	0.24006022169808902
0.44523743247434205	0.20757784405114582
0.6244827004137222	0.25661892773561024
0.6036176367437794	0.2513149727842823
0.45581861940474144	0.2649978759716947
0.9038575063720536	0.25424516869180364
0.83981727967421	0.26918389925878766
0.3969744550380865	0.24364797832962576
0.8391457211400913	0.24202719889195048
0.8609400394827731	0.24614097769147522
0.4015891188652699	0.24539422990075957
0.658394131957165	0.265099908268706
0.7715877491761444	0.25474942341150625
0.8798275746283094	0.22907340413972296
0.9939666958999018	0.24863853159135327
0.4262868419120136	0.2545227752813032
1.1404436862545644	0.22442405577143956
1.030921948106439	0.2550459519507733
0.731304618221272	0.24617388183290945
0.7811534268104952	0.2567760045683767
0.4218754274907714	0.25291816010440865
0.6454922902752103	0.26189120563729357
0.42392041402122027	0.2536633600553923
0.6378506214692177	0.2599807608422402
0.5589433135352169	0.23967633181142536
0.4143434830419479	0.25015295331778115
1.145522873472233	0.22511269482907043
0.3986788735336937	0.24429450445080403
0.4330360362260577	0.25695696858128936
0.7460195853335972	0.2493160155602595
0.4617492602536265	0.2670489828150497
0.7330482572256252	0.24654690677621757
0.8182214992322617	0.2184655793143593
0.6830184608696638	0.2711741094042543
0.6326170678529188	0.25866771745239736
0.8108614227807092	0.2366762922050509
0.46096687712395346	0.2667793458562442
0.9157077817567506	0.2853942480993598
0.7480579568558998	0.2497502913357807
0.6427416020635079	0.22686023467903146
0.5846320177985141	0.24642007928154944
0.7933060474169201	0.25934755722830577
0.6362013041214243	0.25956738279162683
0.9864155662086527	0.24733663034129968
0.4504658630545192	0.26313213856299184
0.8988366260990418	0.23232786927746232
1.341426299870869	0.23882722368037085
0.5580660456151322	0.23944334635242334
0.6453246303897804	0.26184937293271865
0.6312877751860753	0.2583335856488732
0.6774552748336349	0.2698068349606396
0.8510223003126315	0.2442694700086251
0.4603103759410411	0.2665528712755371
0.917044239882175	0.2354423598621122
0.44492322946044743	0.26118531992817867
0.6854882357098304	0.27178028177522984
0.9887884090330878	0.27046827881214486
0.36000130318269496	0.2291481776863285
0.9094926498445798	0.2553116148627151
1.0508453211556308	0.2585312552905586
0.8833753118147174	0.25037479232862647
0.43137408483166306	0.25635985927720273
0.3982687244642515	0.24413909202636438
0.8189487383780119	0.23820839085014445
0.4410325233959721	0.25980945621221685
0.6606215827710957	0.26565190136257444
0.7919256108562754	0.259055582021995
1.1537992069623495	0.27706437461256384
0.9011862473789263	0.2537399201421482
0.44466599175419824	0.26109459181990674
0.9735053668613664	0.24511526548367485
0.7099127297093875	0.2415795377541163
0.5135322045083162	0.2843145563791926
0.6021907251749796	0.2509494806043179
0.9329066422928737	0.259753727455603
0.3753510812997272	0.23528186512513222
0.9437855986835082	0.24001794474403818
0.7007142005664795	0.23959249374812897
0.4458020182070605	0.2614950172717454
0.4639340972693221	0.26780044767591854
0.5747770682899821	0.24385038098512685
0.43653898084396997	0.25821067598203656
0.5389534942571741	0.23431940552473066
0.8195856412787614	0.26490344883671696
0.4752498612934759	0.27165778948874797
0.3885812332336768	0.24043722502039072
0.5981652340822617	0.2499163486172676
0.6408977029866487	0.2607434811023608
0.40884538277595667	0.2481135618920515
0.38595273285006143	0.2394223125745864
0.41458300557348327	0.25024139382838084
0.6151215778648631	0.25424837572562714
0.6407047331974076	0.26069521598795864
0.4780022244394412	0.2725874806259767
0.6390551964988523	0.26028243194615974
0.5409338032444951	0.29305326785981706
0.49210138047577756	0.2773000582361944
0.4151880257107307	0.2504646404054479
0.794660050963171	0.25963391586551443
0.9041846459062073	0.2332428149656622
0.4362896577357949	0.2581216582302912
0.7605758316777452	0.25241273528246677
0.4080624274484424	0.24782168040822286
0.7698130588455481	0.25437313515404325
0.4717108927433015	0.2704575558921332
0.5523608949832706	0.23792356439484083
1.0869473408694783	0.23006249697026043
0.7177537065116776	0.24326761834228586
0.7087812514675336	0.27747604454755603
0.7684840426856107	0.29198764247356
0.6308324597913617	0.2582190777606609
0.9698795965303975	0.22712729576342694
0.4435347181375781	0.2606951909169275
1.225902536067777	0.23611516297606971
0.8581869483691784	0.24562150733757848
0.8535185899109777	0.24474058007291472
0.8009808809457487	0.21546936106739648
0.4155538232037915	0.25059951272838876
0.4669583589136944	0.2688370030314255
0.6231198274609174	0.25627467502351736
1.0142080658352628	0.23408301410414453
0.4175593554485119	0.25133758903518627
0.9574782060816261	0.26444138393210687
0.46777033938034557	0.2691145970143825
0.6091647436188433	0.21927431024345254
0.8248380692708027	0.23932290271152998
0.4226807251950303	0.2532118939821207
0.4985573426890499	0.27943128088219094
0.9039077654711776	0.2542546764980826
0.46119019161012204	0.2668563371093429
0.4232297665832873	0.25341194858627647
0.8727543537806426	0.24837016336682996
0.8700859069405951	0.24786663842774
0.4569164244111813	0.26537881013937586
0.9127302028290402	0.2847506391292725
0.5341653379180352	0.23302069596734762
0.44885883668311355	0.26256925779796136
0.5999522625521603	0.25037535879887995
0.7677679713471919	0.253939382107821
0.5323537659248373	0.23252769360702935
0.8735446062286195	0.2763467941339076
0.6079735710489096	0.2524284301087544
0.8610001062347343	0.2461523112393138
0.48310411252825014	0.2743022513881987
1.0065682613230575	0.27392470777256583
0.7233985417877267	0.24447988938075924
0.6314218089179563	0.25836728816669463
0.4245695741281471	0.2538994258531908
0.7528447864344422	0.2507692855273033
0.6479749009420712	0.26251021896031085
0.6185737559325666	0.2551242365253942
0.6020434689567646	0.2509117407938764
0.433114372699276	0.25698507682143396
1.0300265830920827	0.2548898870124874
0.8773176910956189	0.21257735208588993
0.7902851422851335	0.258708570101754
0.6980430081387584	0.23901402402440933
1.0400960575231926	0.23816086802676992
0.5169512717997016	0.28541829327653934
0.8262923459463811	0.2198631360262237
0.601136855027971	0.25067929944335876
0.8863799291304628	0.23019574410924346
0.5822219422308089	0.21304494920031955
0.4529363963969889	0.26399499237298635
0.33408644695198886	0.2183918905494149
0.2590346419032287	0.18390123965148916
0.9192465455651412	0.25715974749879295
0.5722738182926843	0.24319429541214105
1.511378793733673	0.248532889630166
0.7520069895850777	0.2879853547969839
0.7417306685688589	0.24840151848950232
0.7885650740412399	0.2968749610883945
0.7196768708068104	0.24368090471384135
0.6530942399012932	0.22916457591666684
1.0832048177101636	0.2449991992469553
0.8515686819584797	0.27167457424768043
0.6293635939126515	0.2578494616491135
0.7026853041110401	0.2759886993446347
0.6247848576413194	0.2566952114132588
0.7581807557353334	0.25190387942716974
0.8967191032434796	0.25289535978727273
0.5829577277069713	0.3060491068218247
0.7848399220033885	0.21264899864651976
0.46452379383415937	0.2680028930178691
0.38027476633153057	0.23721426721421882
0.8483965822418448	0.24377387782743493
0.7684876100711368	0.2540920305394603
1.1071582564887084	0.2330127514593015
1.1313195850944056	0.23655646380169545
0.5068363124182813	0.2821411300253504
0.7699163488349422	0.25439503864235696
0.46871210858229817	0.2694361891012577
0.4751976907306502	0.27164013572378765
0.9287822732588982	0.25896974756280244
0.5063582768572819	0.22534832186098372
0.5776185557336554	0.2445934441782487
0.699064242582806	0.27510419837874306
0.7076558665846604	0.24109270786853843
0.42197193051142284	0.2529533790550108
0.7491999744271087	0.2499935031502495
0.6420301636438681	0.26102662843938346
0.3430887918295244	0.22218807009119493
0.4139170690934395	0.2499954226358695
0.6462404157779897	0.22764070507615855
0.8681538252435905	0.24750207971618624
0.853783846185272	0.24479063770223897
0.6819206752307219	0.23550754623148598
0.7732667342593109	0.2551053254931382
0.3808273394903717	0.23743010353142047
0.3982589674109969	0.24413539362888065
0.4012036926081553	0.24524888717324614
0.4192409925877963	0.25195467882539363
0.7253392460206936	0.24489612217777237
0.7286323540432993	0.24560179713381344
0.9130786053683984	0.23476409831607858
0.8178369772156422	0.26453374474425634
0.73219535151731	0.24636446563807768
0.5787805854364672	0.2448968152634185
0.4238988033543887	0.25365549732744813
0.6126667346175062	0.2536243397137082
0.5540856183338699	0.2383838587333474
0.4247646397365753	0.25397031511372653
0.49892487244719563	0.2795521247762795
0.6925709147097991	0.27351601314117513
0.5960144274997543	0.24936309659248154
0.3631258974502101	0.23041049610915032
0.7216621245057082	0.24410723690941408
0.37201846879169614	0.2339644069066538
1.0072940340572605	0.2509418408025644
0.7425368745245782	0.2856858681076294
0.4431160675000806	0.2605472192161398
0.7968747736434755	0.260102258848476
0.5795919673548944	0.24510847046664808
0.8762679675889077	0.2490332282471066
0.6907645983871632	0.23743431897436384
0.7687964564253376	0.2541575368878936
0.9392660306653596	0.2609640236863821
0.9165389014895649	0.25664640550783757
0.6511428373712803	0.2632989870687364
0.880791685301068	0.24988705492746774
1.0760727869870965	0.24386266030637352
0.7724337189531126	0.2549287585944138
0.46554299211916117	0.2683524116006533
0.6333848063739232	0.258860579571692
0.822792308751844	0.23893586166213038
0.7025716356883146	0.23999434493849034
0.6583215818586546	0.265081920010893
0.41453091619427146	0.2502221633686571
0.928972562681866	0.2374827240390301
0.9846313145589178	0.22943985231369146
0.7251042411524526	0.24484573397919648
0.7903232052501571	0.23277479477924745
0.8677405948425319	0.22700099357252912
0.5309827349024671	0.23215397254251802
0.6857393105326355	0.2718418772805091
0.8167467132594604	0.2377914274254355
0.7505135243869537	0.25027316297241275
0.4526353856553825	0.26389002176252396
0.7412169931530408	0.22335623270184476
1.0439799718592366	0.23877421937416093
0.44145949111599875	0.25996082327202985
0.4395721343885756	0.2592910115621251
0.5687197189432515	0.30169333308354407
0.9578234264945078	0.26450747794172486
0.7830750829196426	0.25718283500684463
0.47876706760343024	0.2728452508954402
0.3899630180838448	0.24096894097431829
0.7170346612655852	0.27948685689238917
0.46091727593402015	0.26676224188315467
0.8197747846488125	0.2187347827132006
0.8370083791048202	0.24162346840592533
0.6801331137166924	0.27046530362536886
0.5800499979065332	0.2452278890123261
0.5349261852058078	0.2911574591469944
0.46061985380113174	0.2666596576718073
0.6035806552352715	0.2513055049649984
0.4617492602536265	0.2670489828150497
0.38146305661437346	0.23767816055140528
0.7383707953309719	0.24768437725277062
0.6623849609628425	0.23122015859687625
0.43672045368461854	0.25827544800660523
0.8662506542590714	0.2267453132486372
0.8974591536493308	0.23209217545857053
0.47789688808075226	0.27255196018036676
0.5637696367046062	0.2409548071589056
0.3859620024478424	0.23942589974241946
0.8928229489932452	0.25215908736705045
0.3576722425552368	0.22820256556748203
0.6463038115646972	0.26209363662032176
0.7757411202418275	0.22999312570494482
0.7520285594435584	0.2505956122909001
0.8023363699569656	0.23505888284543291
0.42988835863178965	0.2558248009849083
0.8429255716926107	0.2427410167440572
0.5198795503887123	0.2291076595440729
1.2596468384241228	0.24081367342327928
0.7331817057637696	0.24657544784037502
0.7927407072339626	0.25922798583602524
0.8931408312815655	0.21507676978963147
0.5436373653353742	0.29390299667729197
0.45019140446215344	0.2630360965399816
0.820500456743945	0.23850213246473492
0.7945969652885464	0.25962057439169034
0.47137612710610527	0.27034373541122814
0.7472662152505158	0.2495816367111169
0.44991722112170374	0.2629401136875111
0.42180039456680235	0.2528907730696312
0.5621849920487129	0.24053565217664455
1.0312271952142484	0.25509916799271093
0.45320155881074786	0.2640874251211676
0.46300814314548866	0.2674822400244998
0.9417463284441683	0.261436580397222
1.168497660444852	0.2420552406920049
0.37293690019203224	0.23432825784468436
0.4435579955713915	0.2607034156797014
0.5761550035798927	0.24421093827003237
0.505055292030627	0.281560314580038
0.4317078638959326	0.25647989954078443
0.434584683691787	0.25751203625843355
0.6288576574228446	0.25772207658674906
0.8343077228982423	0.2411132190303686
0.40328622770828637	0.24603311207008147
1.0116214950114588	0.2516914158344599
0.6462197714123312	0.2620726770388362
1.196927173730274	0.22017205588737215
0.45743022681325607	0.26555689965482615
0.9552531390558107	0.24198261014038125
0.40732240579814594	0.24754546567296645
1.0293353133269925	0.23646380525207478
0.5888092075983197	0.24750314252085545
0.8974743743842138	0.2814652312169891
0.26221529334418353	0.1854777918079971
0.6503338573153846	0.22855161773947943
0.7277372181159902	0.24541005509519453
0.5608238857322952	0.2401751497605374
0.6765977862829192	0.2695958483410137
0.4471786421474283	0.2619793758905406
0.411507360585389	0.24910319394961036
0.484811414446106	0.2748736490415496
0.5034814302387083	0.22454112709181334
0.4529243496347882	0.2639907921887791
0.7894131626528595	0.25852410054285385
0.4396638928151903	0.25932361878522786
0.9107861909515043	0.25555654067689215
0.8439637761253987	0.2700622564382296
0.6848300165359921	0.27161877889698705
0.8494115946319478	0.2712170542733239
0.9028419169649178	0.28261893893709844
0.46836812673695993	0.2693187737122871
0.46057031425855455	0.26664256690336935
0.8054120761149567	0.26190720852703914
0.5813000706272764	0.305544183772933
0.6427779984076238	0.26121351450907543
0.9633618872954084	0.24337334334344202
0.6792536310755894	0.27024911180218336
0.870501171277011	0.247944995063195
0.8553495997616031	0.2450861086701473
0.6564694871915469	0.26462250428311396
0.9940887869776714	0.2486595990560602
0.4039943207800765	0.2462991524799558
0.40245109901287074	0.24571894693414206
0.5772321566838433	0.24449250229694347
0.7692528448809774	0.2542543308855
0.7610221490174053	0.2525075327348808
0.8471941256301411	0.2707468931426174
0.35887072328683034	0.22868965839489566
0.621965487685083	0.22218786736485394
0.8321412566172327	0.24070379856874527
0.6782073072604071	0.2699918199237816
0.4276535190491958	0.2550176971858918
0.7455911756831692	0.24922471442311162
0.7198697568068534	0.24372234001584772
0.5866260660997148	0.2469375420090197
0.9078139609675452	0.25499383442874207
0.5592648876765492	0.23976168905378778
0.8949463229023646	0.252560313767314
0.4505733349094565	0.26316973634835883
0.7973680058900011	0.23411498244897808
0.3720970467299826	0.23399555992402468
1.0684405713841765	0.26163153881631196
0.968183216628487	0.2664943591066698
0.7672841058637977	0.2538367351274096
0.5978380697043695	0.24983224895891207
0.6134914599783251	0.2538341036789542
0.7501497294050429	0.25019571838173027
0.5740003960025861	0.24364696895777255
0.9354745045132541	0.2602422117077351
1.154196300132525	0.2262900716682938
0.7055491528715163	0.24063786709781007
0.6370863006137395	0.25978924186102387
0.3782657992488185	0.2364278116167532
0.6245483635225988	0.2566355064818941
0.4407904921268938	0.25972361036557473
0.6267753967224001	0.2571973974750607
1.1663831533200462	0.2279477215102854
0.739265535495692	0.24787541868001658
0.5819002675660333	0.2457098403898744
0.45513773419860903	0.2647613207393548
0.9538592277885847	0.24174367700180768
0.4632831075414135	0.26757677395184093
0.3944160341589727	0.2426740630627037
0.7666545647137816	0.2537031719672021
0.4278728537435544	0.255097030174516
0.7653338697646269	0.22800068372896126
0.4332935148189797	0.25704934319799116
0.6868083834837815	0.2721040946114745
0.4458959241682271	0.2615280879593377
0.7948493718149595	0.25967395348169975
0.6787916317568415	0.27013551761103777
0.9054689775852001	0.2545500520429341
0.5821770069773499	0.2457818621786539
0.92492986194664	0.2582380941292356
0.6188060443451646	0.2551831006200989
0.7367502076150342	0.2842804793913404
0.7852512184939611	0.23180849129890815
0.619167705093229	0.2552747314161425
0.7416107239773084	0.22343239907653317
0.435148031907122	0.2577136348240551
0.5568505516035457	0.23912022532129834
0.39695504478518817	0.2436406050300227
0.6048280051228877	0.25162470790729163
0.3662780063267017	0.23167671971302642
0.870562729488249	0.24795661059965604
0.6064280992618143	0.2520337682946036
0.8354588099681676	0.24133071607853349
0.42147907224672965	0.2527734543571374
0.3869094141131813	0.23979223147795167
0.43174126509759525	0.25649190863415217
1.1036798598334752	0.20841320219822912
1.0197935923919559	0.23496149161285573
0.7942501840465798	0.2595472355450738
0.8012551878886512	0.23485356215967884
0.5072868528211919	0.28228787456289234
1.0867973968756217	0.24557260166659522
0.466253117605098	0.2138431441682799
0.42741246363789676	0.2549304773326025
0.8964888479570673	0.2528518391982271
0.7579806785034857	0.2518613600035295
0.6367592627228863	0.25970726977246433
0.9961100237872801	0.27188829157023403
0.9829985423960352	0.22918382698876416
1.0003993394000656	0.249749326815274
0.6342759579632952	0.25908433746122994
0.6096393383894825	0.2528533388388116
0.8990850762360459	0.23237037893201834
1.2014705104893566	0.2327462867866712
0.46191097741478104	0.26710468065791615
0.4469663989535989	0.26190476122457523
1.0454181193916683	0.28158527564480246
1.0097954708886805	0.23338944962555674
0.4295679250876507	0.25570924523507227
0.5747319916201493	0.2438385789547025
0.3495653845333735	0.22487933911032412
0.6682265244924608	0.26753247905778754
0.39730466664951763	0.2437733781542426
0.4115691251469791	0.24912610591371262
0.9846897461347928	0.2294490150109243
0.4411017152970282	0.2598339922622733
1.0510687293513972	0.2398949216507364
0.9061929190837313	0.2546870405187101
0.43655031926954085	0.2582147234476876
1.262339518850856	0.241191152603682
0.8404399450443735	0.26931576929001005
1.0021211322863417	0.2500469367283146
0.6424869781190612	0.26114079652772665
0.49088750217567306	0.2768975118342188
0.438873509493891	0.259042604909895
0.9288833369778097	0.2374674592930121
0.4149166312959017	0.25036452488413263
0.5325305001826747	0.2325758303218923
0.7195465341358024	0.2800982599954166
0.6661277316354576	0.2670140865005851
0.41370932269421645	0.24991863604439632
0.44417558020498626	0.2609215299060542
0.9796569901535616	0.2461730717270906
0.7936991481446501	0.25943069675656
0.9504661279762073	0.26310039478776925
0.6737798925081669	0.2689020290486858
1.0339417604894485	0.23718988988312187
0.805736843269538	0.2619758619919509
0.903874258694524	0.2542483378191048
0.39086028124513744	0.2413135454947624
1.1257265040014366	0.25183024298041906
0.7697245475358644	0.25435436531882116
0.9941760170623439	0.24867465142516232
0.39449287497312024	0.24270337470746842
0.6430415174143623	0.2612793509997637
0.4253941842445295	0.2541989548226255
0.4652406222422357	0.2682487680989011
0.8077403498130461	0.2623993823455899
1.006481599054807	0.27390779218206907
0.8513737446636226	0.24433579893030177
0.7024877343902127	0.2759404599703031
1.0713898692655506	0.22779843683049966
0.6397964946486498	0.2604679819960517
0.4596430742332694	0.26632246340510274
0.39417606407544364	0.2425824999723851
0.7755522486381824	0.25558965718542836
0.5814740978675726	0.24559889758247683
0.6167469369334879	0.25466099516142804
0.8474479358707295	0.27080069929552975
0.5779712716351563	0.24468555853024326
0.36599733468512147	0.23156426328182783
0.8024653807997429	0.21572797668468832
0.6232244664711172	0.2563011164604137
0.6267621753107818	0.25719406389822047
0.5837613409252246	0.24619387764736075
0.8123082669011171	0.26336497875725634
0.9245352383030632	0.23672364349106653
0.4287520390563239	0.2554147649829701
0.8075607394381112	0.2623614149571617
0.8338909672701099	0.26792927867998567
0.39925620174069915	0.24451308535291028
0.411507360585389	0.24910319394961036
0.4765703243257575	0.2721042222568195
0.37634525416898446	0.23567339021120315
0.6610015382884654	0.26574600468486864
0.5741015928057024	0.24367348015701912
1.0855717864202317	0.2453769154834766
0.562325763619157	0.24057291176345702
0.6079735710489096	0.2524284301087544
0.8431918300700151	0.26989869767094615
0.7829833500779972	0.25716341635045276
0.9905231443846526	0.19412613504077328
1.1616252996460001	0.22730007027148338
0.6178006329709417	0.25492825632879296
0.7006167109709754	0.23957139331232563
0.41236311791693364	0.24942044185963086
1.0543476582741376	0.2404138800069528
0.45268352521964494	0.2639068123028226
0.6654753822259848	0.2668528669933331
0.7084771507047112	0.24126991854148466
0.649046448607515	0.26277715747129893
0.42372598295897707	0.2535926097277108
0.390907598974994	0.24133170392685308
0.650972380467054	0.2632565773867255
0.42971151926973333	0.25576103553520974
1.0653457548604186	0.24215742951057068
0.4118060297920785	0.24921396629682693
0.7132486781019949	0.27856484375596224
0.5690036966778925	0.24233510259694385
0.3918084159241634	0.24167712087983423
0.6981639877569671	0.2390402377924005
0.9166946100831614	0.25667591957680513
0.8481495155680772	0.24372724178566121
0.39092652868572525	0.2413389678983578
0.7546242646293254	0.2511478044359125
0.454349521468098	0.26448719835495915
0.6553888919532731	0.2643542783932433
0.45863281331406575	0.26597323809036505
0.7934317947077735	0.25937415260338886
0.43871342663723967	0.25898564919987727
0.9706323176725897	0.26696508924218754
0.4373338398149058	0.2584942518763195
0.4698233445695913	0.2698151372820975
0.5150503813167123	0.2848051484980859
0.8050875892174906	0.2618386139260061
0.6362860094431267	0.2254155173269411
0.7808797132075413	0.25671805001086456
0.7943650918478438	0.23354398318268924
0.7285928158214278	0.24559332904336864
0.4209444248802822	0.2525781185481608
0.9654760855154125	0.2264371314532267
0.676399027138875	0.26954693384978423
1.280717091899448	0.24377851034459497
0.7058458133590171	0.24070193994352526
0.5944765538920107	0.24896696472976307
0.37671917767354307	0.23582047220635938
0.850159685590005	0.24410666230622766
0.48621701438424003	0.27534317060162056
0.606975659551226	0.25217364546609883
0.6695728476040443	0.26786478086208165
0.66771926935358	0.26740723032929653
0.4428721545333083	0.2604609670951031
1.2061300721182497	0.2476933720380889
0.5775503334329359	0.2445756243148032
0.44657771665201695	0.26176806029989186
1.0411472271777058	0.23832682423175466
0.5066911202280323	0.2820938241062256
0.6158372884857698	0.2544301227776963
1.0852937280907347	0.24533252959965224
0.6029034016424136	0.2511320737292995
0.7217285447192621	0.28062918257475905
1.0057120159850093	0.25066802829079027
0.8673434788668031	0.27502608904682635
0.9686070759449084	0.2442737553803288
0.6497249512915733	0.26294610857657413
0.8985660034901691	0.25324448272207434
0.7380189269466024	0.24760923444051122
0.3712776779722102	0.23367049957349806
0.5800531092138689	0.30516399167008024
0.5260123216755233	0.23079466618720562
0.5548905718082986	0.29741813831210634
0.554875795430926	0.20657161091925402
0.7796504900221024	0.25645775848351554
0.8851285275996812	0.25070580992690944
0.44982191744959116	0.2629067422027908
0.3853047629844561	0.23917141880004622
0.5313249009858717	0.23224729080259582
0.500932759190115	0.22382379653574414
0.887703054438098	0.27937057502541035
0.4206988598396765	0.2524883459502201
0.6418642015185297	0.26098514393144717
0.9102410265614473	0.25545331047748326
0.6394418647610617	0.1862050887971762
0.42757679543683197	0.25498994014016907
0.3450017650526356	0.22298639977231838
0.6684654895897552	0.26759147406232986
0.8986982565712489	0.2532694855557845
0.6520016623889752	0.18858621504423917
0.6460097616458264	0.2620202967279199
0.5331203722360823	0.23273642951969828
0.7444328490523483	0.24897780580024553
0.45615969216015195	0.2651162887592648
1.0313608115680668	0.25512246403293676
0.6391237671089796	0.26029959861293983
1.02866973983712	0.23635894106964891
0.7773246072864805	0.25596513955103745
0.8061586901542656	0.21637085819121082
0.40943676432818793	0.2483337822332852
0.6474825537781189	0.26238751956615425
0.7685023111863624	0.2540951487230918
0.5843879891177942	0.24635669657496362
0.3945120889963648	0.24271070348694057
0.412053472476816	0.24930569948165687
0.5869654724904665	0.2470255378786933
0.8940302346256861	0.25238720208737075
0.6363917229882143	0.25961512802073544
0.6170549893288627	0.25473914900314715
0.5326749692544065	0.2904442699445422
0.9030876666639545	0.2540995414955382
0.4147914702002187	0.25031833935947206
0.9494952179682233	0.22393228569211251
0.4528641237426744	0.2639697929681179
0.4472258298228895	0.26199596177588125
0.6490040868845274	0.26276660725901924
0.9192450144575284	0.2358187729049437
0.41394824577027217	0.25000694388285766
0.7572242294580499	0.25170058727071115
0.6993275108114575	0.23929227806976805
0.5895402314103833	0.24769231800744718
0.36210451702643	0.22999865163742755
0.36817533084281595	0.232435435825308
0.8922369568773435	0.2520483746330079
0.5495319893459184	0.23716696701696444
0.4628083383817912	0.267413524332517
0.9886818797058231	0.24772714957820027
0.641436350640315	0.22656862361051872
0.5842370170348584	0.24631747770433757
0.41515669615194195	0.2504530853384278
0.3344822161426697	0.21856016304736176
0.7748636173964353	0.2554437432053499
0.33736349738995847	0.21978136226990153
0.5995624126411283	0.25027527447184483
0.6414910830920375	0.2608918644261365
0.6510860089705055	0.2632848485551306
0.7438550643354614	0.2488546176545791
0.772536976047121	0.22938037992352528
0.6553313555485432	0.2643399928742403
0.7572242294580499	0.25170058727071115
0.7609501257057663	0.2524922355983532
0.46223469257172606	0.2672161364814582
0.4554658086120883	0.2648753292070544
0.6112378699632915	0.2532606413111091
0.4152298044726484	0.2504800484915243
0.8329924091682288	0.24086466095420173
0.9637499105116714	0.22616659201691172
0.8408140335533149	0.26939499984309656
0.42496327091873604	0.20136126528670456
0.6264450179992599	0.25711408952559406
0.8899825304617253	0.2516224965502091
0.44749731803626125	0.2620913648607109
0.7335589714097747	0.2835052268014035
0.6609430563545896	0.26573152153641605
0.4184675465735177	0.25167105831982794
0.9905973587504052	0.2480573591992544
0.8435147800630421	0.2699671217178204
0.3943584195863725	0.24265208297511867
0.9168132776127423	0.23540285719191933
0.38201845246308636	0.23789465297459522
1.0800081078258075	0.24448949316389007
0.495972527764246	0.22242165968293615
0.9877566927970577	0.19377399737489112
0.6800990365050765	0.1801614745491479
0.4106955386479421	0.24880183322150506
1.2064314897415125	0.21104158229739764
0.6179293617942104	0.25496089479738404
0.5749802521617793	0.21134631624744243
0.6340461935397266	0.2590266571745659
0.544789375699945	0.23589395465590354
0.42647228921424085	0.2545899927510523
0.8561348513530745	0.2452342870178285
0.9275176700764144	0.23723382721435238
0.4448296601674485	0.2611523217868593
0.8582167687219974	0.24562713415685694
0.3831973348468745	0.23835349194214148
0.7779725772933622	0.2561023932180677
0.44255887628806245	0.26035014145757046
0.45232268398278636	0.26378092738163716
0.4404336065106841	0.25959697167790513
0.8049525238330005	0.21616098748012516
0.41969767978187117	0.2521219841129116
0.7532112729845845	0.2508472544662408
0.9027371817318157	0.2825964048294809
1.0636337778445233	0.24188572226816665
0.812523235637047	0.26341042079200055
0.6445433072495997	0.2616543775284528
0.8197879316560949	0.2649462188317866
0.7706549749177315	0.25455165992240075
0.8586046416414849	0.24570032181965729
0.5131760827375123	0.28419936130163104
0.5920286881907129	0.24833548360898663
0.42207919849020026	0.25299252052668714
0.8144801136997312	0.2638240896158928
0.6902436865701784	0.23732105761811614
0.4403070837798152	0.25955206002686737
0.7711284710624261	0.2546520524511552
0.44471274405147376	0.26111108391764887
0.3195906408761339	0.21213819265804496
0.9739535844491203	0.24519230112077595
0.4466954404241908	0.2618094721735842
0.8796873562514845	0.24967860143587342
0.7569676764662484	0.2516460547334245
0.3733404272589266	0.23448793466909518
1.2210999105956366	0.23545091837630422
0.8016169363184698	0.2611049070551424
0.9105987059685464	0.2555210382698172
0.6563107871375062	0.26458312014524404
0.580336602388796	0.2453025902743039
1.2373428698065208	0.21470584255850167
0.9183603635713162	0.23566746436607625
0.5664141174601931	0.2416529872137401
0.5680308526140235	0.30148145981560714
0.8407387262824491	0.24232806045067823
1.0249013623956058	0.2539974132034152
0.5983835268649728	0.2499724508656986
0.9528641893371104	0.22446040703009967
1.0985619618482143	0.24745480916708884
0.6935002274182978	0.23802867371218606
0.5781420815364415	0.24473015712660237
1.2237319571026868	0.250360486605194
1.0951545371880202	0.23125917793472622
0.469005460146558	0.26953628021394527
0.8983953179983553	0.23225236052655823
0.5606860309222764	0.29921547235869245
0.8616133482633141	0.22594918259188365
0.6788501705006086	0.23483662034728353
0.6511570459457863	0.26330252200240206
0.5089348592612752	0.28282401885784403
0.47489789428298257	0.27153866599719034
0.6425008305769131	0.2611442581313242
0.8849368867452958	0.25066962507858925
1.2227965613819258	0.22345925381144574
1.1555001147440271	0.2401256891098963
1.21951027026233	0.23523128371227725
0.7495649842018454	0.2249685926413218
0.4651524921982652	0.2682185518354033
0.6437915834327969	0.2614666942405413
0.6445154359912044	0.26164742021298865
0.5576812721541557	0.2982846725913316
0.6564452954776284	0.22990731091567954
0.4320866591821756	0.25661605660427983
0.9951180497729365	0.2310848009249593
0.7763772944234981	0.25576445797193326
0.4139274608922981	0.2499992629570592
0.8840278680517992	0.2504979943188963
0.5295985454589419	0.23177612934502032
0.5401902617105354	0.23465384838201966
0.8310973358992134	0.24050648426593277
0.6115408281802	0.25333778457327993
0.5814165510634796	0.24558391374579988
0.46369606044571776	0.26771868323484005
0.5422020145979336	0.23519698672985637
0.45807995823807096	0.2657819235966059
1.051701941724987	0.23999511148070468
0.7134523048534933	0.27861444941284635
0.5762342478228357	0.2442316610558687
0.4095388680071352	0.24837178272541532
0.3962960172785645	0.24339012149912997
0.8263864631430083	0.23961577694005254
0.5349960276578422	0.2332464567471702
0.6291371595945332	0.25779245458551214
0.8339574659149365	0.24104703333877256
0.9043100686487134	0.2543307848222333
0.722354419577627	0.2807814385133683
1.0707382164473678	0.24301404022245046
0.48872053736060056	0.276177439938558
0.6526379659137693	0.26367082397818875
0.6248111451023678	0.25670184736786045
0.7967478646120321	0.2600754231765762
0.6904486233987843	0.2729963002056828
0.9801955604518343	0.2688072268022938
0.4187109828867143	0.2517603626883235
0.6107083624278585	0.2531257729950412
0.4543253044606185	0.2644787714791051
0.9028209676429508	0.28261443155402116
0.7117814039112997	0.24198230279224528
0.9629412844117022	0.24330116982457486
1.0279007153965254	0.25451952396362104
0.7059076489022061	0.2407152942251968
0.5843299144937347	0.2463416107620508
0.7683406310922046	0.25406085511169796
0.9480616663724504	0.2237075427139962
0.5743015269229171	0.30340616120880476
0.47675383928202236	0.2721662068141017
0.7818233539082312	0.25691784349754593
0.6367728829857342	0.2597106839915555
0.46196075536530196	0.2671218224867645
0.5830549360691879	0.24601023779787504
0.5013676970166416	0.2803540252862645
0.4583501054537238	0.2658754256590108
0.4253289880876237	0.25417528693724645
0.41692764219177786	0.25110535675462337
1.1595253456097265	0.25734194953183764
0.4793883466103617	0.27305445302283754
0.7165206961690456	0.27936172450500746
0.6673318681741467	0.26731155776396465
0.45740573842179655	0.2655484145684434
0.6129075951668942	0.2536856131238476
0.9005710837127783	0.25362359061280493
0.5637587554899867	0.2409519309846385
0.7931175057149965	0.2593076805113694
0.6340867288258284	0.2590368337422263
0.5571912602333357	0.23921083400268417
0.8711326033148981	0.24806414192037687
0.6528235318137019	0.26371695521956434
0.8933282532763966	0.25225456055029793
1.0569155408832829	0.2256962312091952
0.8090655807927677	0.262679518309987
0.42512264154614693	0.25410036224675814
1.1048722109375315	0.21961537512817494
0.42147907224672965	0.2527734543571374
0.4069885951140382	0.24742076207019972
0.5663272256364448	0.20930215649127906
0.6266035590896223	0.25715406916138234
0.7769333596042141	0.2558822595032474
0.6654876592199869	0.23190415556750496
0.46306551778548116	0.21290394828255907
0.4469663989535989	0.26190476122457523
0.6308324597913617	0.2582190777606609
0.6299770655384312	0.2580038707213352
0.5060096520422751	0.28187168853328487
0.46219732169771477	0.2672032720988067
1.0190794483352057	0.23484913623714712
0.6930706302141858	0.2379353872246105
0.7939362514854574	0.23346240787305433
0.837036610906079	0.2416288017109786
0.45830096822608246	0.2658584210932969
0.6511996752083226	0.26331312753620917
0.6465560564060017	0.2621565409612144
0.6717529556507379	0.2684024999169915
0.5858432920679146	0.2467345069048037
0.5727549638264612	0.24332050871709435
0.4214469620585774	0.2527617273251712
0.6209039788278512	0.255714341185163
0.6427364088166592	0.2612031230994645
0.6915959480841642	0.27327730056045596
0.4702716246517461	0.2699678510609387
0.5881621075786256	0.24733559503126415
0.7538888287556321	0.2509913855552014
0.48508119624386603	0.2749638289830256
1.0374906136976314	0.2228796693438743
0.7141659129592647	0.2787882774643037
0.9436622077955624	0.23999681621597344
0.5171603906546206	0.16161527012757088
0.5588254866759125	0.2396450501054859
0.37532451064072236	0.23527139169246358
0.6154664594301369	0.25433596539153847
0.5470174502484547	0.23649273738558488
0.9561194033354479	0.2641813039869656
0.6066022238347387	0.25207825513831783
0.6442646973310688	0.2615848254496496
0.6872634110880221	0.2366725220312232
0.6904645329327775	0.27300019738867454
0.633695091771483	0.25893850161180937
0.607761260862775	0.25237423830535977
0.6344788213846148	0.25913525821258004
0.3493210799770986	0.22477841376690952
0.4250900755050181	0.25408853531194575
0.45815360868879457	0.2658074185728147
0.40379465253959274	0.2462241654519801
0.8882880732801466	0.25130245563838793
0.9247853878844415	0.23676643309963516
0.6604901571367887	0.26561934757038397
0.6179808673100881	0.2549739529700155
0.6322540123549298	0.25857648520224524
0.900385052886825	0.23259279629876217
0.9900119333544403	0.2302837166042498
0.8477429257539143	0.24365049298189428
0.4143434830419479	0.25015295331778115
0.4463189039511448	0.26167699285402113
0.4203256236200533	0.2523518342936844
0.7660260957987072	0.25356982186570404
0.4329577229933449	0.25692886539043763
1.086574297037443	0.24553697517818288
0.633074806491643	0.2587827153637755
0.8382562055066571	0.2688533337065429
0.6039506587354344	0.25140022016699365
0.5456601787941809	0.23612813175233988
1.1814667404611991	0.2439891855557611
0.4739354570773794	0.27121265279940676
1.0179867710440915	0.23467724797088924
0.4461425821924269	0.26161493187694734
1.1216914799443904	0.2351418639023044
0.5760305169880413	0.24417838160095567
0.435249561862198	0.2577499501765152
0.9205100999807352	0.23603515279455584
0.8349951533474925	0.24124311143582133
0.4539502127552315	0.2643482132603799
0.6779769213760282	0.26993515492159115
0.44250090177135404	0.2603296268182644
0.6056084699535219	0.25182428944652285
0.45315332843832506	0.26407061508224183
0.5707902618468811	0.24280480462121354
0.4286309755720146	0.2553710381686558
0.6430137689475498	0.2612724188708657
0.8829620572219232	0.2502967729300845
0.9734555951576292	0.2451067115224027
0.80372779463115	0.2615511566458223
0.46373363178486204	0.2677315905364717
0.5742928308775753	0.24372357387985688
0.4696826026811519	0.26976717278411366
0.284559905853901	0.19624750158510496
0.6261809496443351	0.257047490317481
0.6954313792744116	0.27421599227735394
0.4722525008959364	0.27064159790341286
0.4540711542896979	0.2643903168408691
0.5561596432054783	0.23893639662441382
0.6943011585983795	0.23820254598557686
0.8007502537658825	0.26092167618654405
0.6038272776968059	0.2513686392911521
0.6175561857270828	0.2548662706193919
0.3551490998352739	0.2271735894091627
0.39106854923488993	0.24139345859215716
1.2264191472725356	0.25076952182320383
1.0985428472214582	0.24745174520583638
0.633425262181054	0.25887074003398386
0.6270928673376929	0.25727743483229704
0.7543553764862111	0.25109061792097
0.5992416605074254	0.21699593523061916
0.6005745524189372	0.25053505743700805
0.7487956817938106	0.24990740996583596
0.44933400739964535	0.2627358254255543
0.9208520700174508	0.2574642587304201
0.9821264638060981	0.22904708972874363
1.0404628365056745	0.23821877045858753
0.5740228813774312	0.2436528597967801
0.8739945051507126	0.2486041871524762
0.8658509259044832	0.247067564296697
0.44890631652279633	0.2625859065527669
0.47232995761830365	0.2706679076146371
0.6685187267276419	0.23257120612199933
1.1052079654348463	0.24852132833075197
0.6342624380736496	0.25908094362422324
0.6747521583711645	0.269141502159926
0.5413410826279373	0.23496468195117254
0.6219188330957838	0.25597106971177336
0.622727723289176	0.25617557812033775
0.690019337118229	0.272891135683871
0.7475715961896199	0.24964669203157566
0.44523926492627697	0.2612967401878078
1.063584542724896	0.21405330105738085
0.6375364949044797	0.259902058706294
0.41132215781160086	0.24903447824227085
0.39453130454783264	0.24271803261378233
0.5803136645245972	0.24529661234014027
0.30141627093176054	0.20403741009021426
0.7917534141352666	0.25901915884100407
0.4367091080040657	0.25827139896898876
0.4647876759192662	0.2680934330736426
0.6106327879310379	0.2531065198229544
0.5650016674070246	0.24128028369333887
0.7744002604120993	0.25534555469190234
0.7277894609127343	0.28210309599302175
0.6898287108844844	0.2728444326282339
0.5298757217719502	0.2895552943315798
0.6924588964296591	0.27348858981050345
0.56015171883679	0.29905012012736515
0.39955028236884865	0.2446243464421029
0.55423047752683	0.29721288072403823
0.7109321254404062	0.2780003732810526
0.9421150961668578	0.26150686530780887
0.39907992302996625	0.24444636698898153
0.840012864809934	0.2692253198035704
0.7926779443838042	0.2592147109968718
0.41861569760331924	0.25172541142362603
0.5739666709435157	0.24363813327619074
0.7933846345194011	0.25936417831555014
1.0290382161057494	0.25471766458662204
0.4371519483911296	0.2584293891756045
0.8469455089657286	0.24349996580158767
0.40125307245211955	0.2452675132556519
0.6337760827993074	0.25895883862540525
0.782601373103061	0.25708255470745484
0.407109929065995	0.24746609728158045
0.6905750861884821	0.23739311672148958
1.0314386664754285	0.22200291248776613
0.4163814212783751	0.250904367613677
0.4700666087572626	0.2698980202539027
0.791598857054165	0.23301763706338696
0.39536866266768167	0.2430371862584294
0.5025318554989759	0.22427411145925033
0.43959507104596496	0.25929916273018316
0.8649092890629102	0.24688989649668375
0.9232198251042343	0.257913507920468
0.7620987678501724	0.29043617525706245
0.596641279992847	0.24952443313414546
0.8761742769029048	0.2490155464933991
0.6515978045081668	0.26341216557565605
0.5579206264166231	0.2983589015709442
1.109117320818728	0.23329935091478848
0.8001095546486139	0.26078621828530996
0.6580315342303084	0.2650099989128929
0.508832508919704	0.2827907497643362
0.5237984639564275	0.28761680637191633
0.7917534141352666	0.25901915884100407
0.4594950018365765	0.26627130812009225
0.44831341212192555	0.26237792481031796
0.7277011445881506	0.282081626673611
0.9181141673345558	0.235625355785354
0.7598427443605962	0.252257010070553
0.7717063651717547	0.25477456992501485
0.692772608103511	0.2378706612905395
0.6369772528219264	0.25976191067941806
1.3412237078350326	0.23880043594683442
1.2800533429441525	0.2436847151244273
0.6990316409359597	0.2750962312874087
0.6304980621432628	0.25813496017364884
1.0425057779397917	0.25706933600848664
0.44902505229981016	0.2626275362213783
0.9848774856761285	0.24707169904177884
0.4147601895763225	0.2503067951123838
0.7660845128790736	0.25358221756075494
0.9143019400335186	0.2184086482887574
1.0303311710174803	0.2549429724988867
0.5923143104449211	0.24840922680527913
0.43357366784405016	0.25714981229463924
0.41266280372295144	0.24953143975313022
1.0333017022371722	0.23708896764570941
1.01652857893427	0.2525424705063384
0.7425926366344888	0.24858539322590428
0.8352339369721197	0.24128822840338798
0.6132501732717651	0.25377274581895
0.8078820647566555	0.18917127912671017
0.5860300494235472	0.24678295925249055
1.0455131684581929	0.23901647245502677
0.40459429451027124	0.24652433076171024
0.42275601473549623	0.25323933731180737
0.910669542540087	0.23435205849691199
0.8967520078399234	0.25290157917905565
0.9892159361578939	0.24781920215730435
0.6188318642009708	0.25518964307453557
0.94870843892406	0.21001104252445285
0.8422238597359017	0.2426085151739862
0.9449660893945199	0.26205047807383025
0.7120078156126715	0.24203108257928166
1.1044514872692393	0.24839980937242573
0.7263331855194942	0.24510919247270777
0.70819072987422	0.24120812338708816
1.1007900536964204	0.2673959499621068
1.2502145583242623	0.20691379211586444
0.41223921409260667	0.24937453478239383
0.614381934650684	0.2540604610760554
1.1693349314348989	0.22834985633745494
0.6691833733875231	0.2677686687303137
0.47471556306799556	0.27147693466826817
0.4310962587762459	0.2562598960290976
0.4384620615390548	0.25889618927436997
0.5790774707588392	0.2449742764633264
0.6292170601433453	0.25781257120868484
0.7606765656782397	0.25243413182736196
0.6039018761140009	0.19575653606754206
0.8041840936528197	0.23540966775349256
0.7654715945108103	0.2534521542626459
1.270427904519595	0.24232748944441018
1.0613005266328277	0.2603707480916336
0.9807194322195566	0.2463558825309656
0.41113709129377307	0.24896579279316758
1.405667844035106	0.2474420097993257
0.3981906789685278	0.24410950731702558
0.7726067997443774	0.19574196916301603
0.7891763231257423	0.232556401295591
0.9985612471864348	0.24943175190724395
0.5635955828709616	0.24090879708265975
0.7761375767293184	0.23006890184362866
0.6812317082427047	0.2707352637140725
0.6515684804625518	0.22882590144071208
1.0874673959228927	0.24567960741260433
0.8229117136762998	0.21927810555312158
0.4930190050760947	0.22158290284855067
0.743951298133457	0.2488751367308005
0.6595278964344038	0.26538093987516176
0.6380966632784992	0.26004239528161444
0.6499938977557203	0.2630130620262356
0.628766499198709	0.22372475512264645
0.5723468836877911	0.30280715216290355
0.3805916563379285	0.23733807045598246
1.0916224209700105	0.24634370284066398
0.6869658745560518	0.27214271577357513
0.5207370645637023	0.22934420849882706
0.8671582102378759	0.21096811026181558
0.6507594286545128	0.2632035899841043
1.0065741831049335	0.25081723646798726
0.8351075036494606	0.24126433959137095
0.6250346720582004	0.25675826974072474
0.9456878749992578	0.22333536601907897
0.45205836815954514	0.2636886764369405
0.6419804424920028	0.2266902113389454
0.642057831885827	0.26103354413833274
0.5982501082928788	0.2499381627514606
0.38314237148975194	0.23833212009067242
0.9638639417793492	0.24345949904115924
0.6896540606914525	0.27280164131645684
0.9258813596097353	0.22022789597041903
0.7724060512914847	0.2293553299513508
0.45350319039714915	0.2641925290336505
0.9277845029188029	0.2372794748455985
0.44611908128267574	0.2616066589448424
0.8691493398804964	0.24768991894590192
0.7870411236638502	0.25802222172109257
0.43754999732529676	0.2585713112964473
0.9978226155787872	0.2171352288142854
0.6106453824762007	0.25310972844687857
0.3723242019344186	0.23408559352665342
0.4696826026811519	0.26976717278411366
0.7786065719705437	0.25623667568420133
0.4269856850148896	0.25477597971060084
0.9089312635620288	0.21756400221687927
0.9011363335051732	0.2537304809323242
0.9953641845506969	0.248879710434391
0.35915076351808173	0.22880332002207424
1.242016954249369	0.22591313647314828
0.40371483038835826	0.2461941807638257
1.2082529562355586	0.2336790064564721
0.9177089954799781	0.2355560567276732
0.6489193791920496	0.2627455100872484
1.1275284276150837	0.23599903843104547
0.930176184730912	0.25923462859924673
1.075369556514293	0.22837710227386104
0.5564358208898522	0.2390098927407608
1.0488890368880888	0.2581879071294889
0.6606361887104689	0.2656555190988153
0.5478192430885686	0.29521330191096135
0.41553290628875894	0.2505918026001317
0.4793618819261825	0.273045544967041
0.5161865014318859	0.28517176037309894
0.8847293813255778	0.25063044528837175
0.4521544535553332	0.26372221590975464
0.7486285191322773	0.24987181059774763
0.9408495362260009	0.22257665166650217
0.6504189811790694	0.26311886713742294
0.6488488054882717	0.26272793242242654
0.3896144672736034	0.2408349347705825
0.4366750738655317	0.2582592524851396
0.926842522700797	0.2586012745755436
1.0655829453828707	0.21432230087494777
0.6971782867660675	0.2746432037787391
0.8043395584934894	0.2354391763544204
0.5757654190175061	0.21153101305391675
0.7787067308023827	0.23055974294592982
0.8057416219021718	0.23570525950442475
0.9472205394662767	0.2624806410679955
0.420794922570347	0.2525234682202099
0.5514289594301923	0.23767453930179022
0.4003854351606037	0.2449400201994302
0.6202680209419101	0.2555533784239902
0.7655440802838704	0.22804099273465508
0.571748754497102	0.2430565024362844
0.8008464530564305	0.26094201456082844
0.5591791019050185	0.23973892089419654
0.9598807232811654	0.24277611370226396
0.5724751386365704	0.2432471117266812
1.027121046364213	0.22137755971066778
0.37496168580772005	0.23512832704477166
0.553506124929225	0.23822928626666026
0.7007142005664795	0.23959249374812897
1.2566691877486067	0.22779155199577175
1.007089812438876	0.2329643535114992
0.5128944481071548	0.28410822932579155
0.4324548350439269	0.25674832246185647
0.6718347422939925	0.23329968748966876
1.3697047096353854	0.21130367957874244
0.620631276592956	0.25564532741901325
0.8033431004091912	0.23525002390285113
0.5413916578237314	0.2349783340719625
0.6131486315866549	0.25374692137961924
0.33426746510419725	0.17108976066258913
0.49469757920966345	0.278159056953217
0.6082235235997827	0.2524922198506944
0.6808290060541882	0.27063631872890265
0.8194068508812391	0.23829511896209016
0.42273450119736317	0.2532314958691028
0.7131933973352431	0.21790145784353082
0.5645558251963886	0.3004109666577649
0.6842734792922254	0.23602094920421418
0.6580170382610254	0.26500640419811883
1.1251566493474872	0.25173799429910504
0.561795495510562	0.24043253524552616
0.750541523619801	0.25027912316665557
0.41526114305761525	0.25049160555377314
0.8628818787461817	0.24650736590121647
0.7928034806206409	0.2592412628470895
0.9948485362933147	0.2310425102329554
0.6178135036060546	0.25493151972818207
0.9708098277791573	0.24465209974420035
0.6632459400761497	0.26630155363388236
0.674235304551116	0.2690142098821215
0.93961417758807	0.26103033611015314
0.6702780069964636	0.2680387577704608
0.46048364122672725	0.2666126625928745
0.4637837347314308	0.26774880194762907
1.0370573644627936	0.23768131040523174
0.7958065438870238	0.23381812146789704
0.36766952382078405	0.23223342199298394
0.9642368327469116	0.24352349334921397
0.7484057545710195	0.2498243678626273
0.40759585662333986	0.24764757021689726
1.054891028684956	0.22540246467655606
0.6138473619501953	0.25392458953954483
1.0462993770242537	0.21172662645867613
0.6118187846966527	0.25340854767130755
1.0286372996275375	0.23635383025274442
0.5822568144477759	0.3058356757990075
0.8870179939596279	0.25106259792505453
1.0498112673086788	0.22466561358885342
0.7943398222768204	0.17696119782318684
0.853282958732632	0.24469611272474667
0.640994229061268	0.2607676220757909
0.5925406074945496	0.248467641742836
0.6674808174288962	0.26734834406292035
0.36242214827225677	0.23012680964747817
0.646373860856155	0.2621111061957923
1.0082497742800594	0.2511073133654063
0.4844476050357468	0.2747519909517939
0.3525189644144813	0.22609587300570788
1.1038511355967444	0.24830339299539844
0.9505030236586098	0.22409027585779379
0.41944268425361725	0.25202858233913406
0.8911162383745385	0.2518366517099051
0.9514941778532215	0.24133836226561728
0.571414064783519	0.24296863722857812
0.3781043963625645	0.2363645073196663
0.3663035393578873	0.23168694719437155
0.9910476153097235	0.18548798805914218
0.9318975731432435	0.28890894650839943
0.43419105165547534	0.2573710716992296
1.2625096712172663	0.24121501928186292
0.3696391119729714	0.23301902668122684
0.9043872514950324	0.21684887735018038
0.46712310360374165	0.268893348904492
0.9749414241352253	0.21381988995899767
0.7570108161065449	0.2264024047888723
0.8501994511707753	0.22398713687061939
0.6258247876607461	0.2569576477415788
0.4987410508855418	0.2794916906242973
0.4040342737877581	0.24631415422599634
0.6796545245072633	0.27034766652905223
0.7340503239943086	0.24676119379216224
0.6323077736499484	0.2585899960928966
0.44345326293273946	0.26066640765829663
1.14761813143991	0.25539073512323585
0.4424429397366244	0.2603091148730181
0.528976789306607	0.2316062320393844
0.573839480664435	0.21107773875195518
0.7656028484369624	0.25348000795706616
0.7866395271997352	0.257937241076033
0.6196203353293624	0.2553893804394856
0.45173432816506	0.2635755340340112
1.0092077321347863	0.2512732119620285
0.8863156042376147	0.21399961601152204
0.7279607936489305	0.2454579511604613
0.7698278127913349	0.25437626387116224
1.173143757888753	0.22886913914405263
0.7459781043207855	0.24930717570940727
0.4015594492196622	0.24538304486020426
0.7593404898425274	0.2521503061501911
0.7705810458758527	0.254535984526486
0.4978800157946161	0.27920844056753574
0.4076262585702545	0.24765891929913994
0.44831341212192555	0.26237792481031796
0.9944296375151149	0.23097678049268716
0.6517970428861918	0.2634617205857424
0.868046767281165	0.24748187958330173
0.6294568759983341	0.25787294410244216
0.8862162626110379	0.2509112009436133
0.4829507041719613	0.21870136413444083
0.5010683722252466	0.2802558875938899
0.9558406415584857	0.242083326441293
1.1062381456229922	0.24868686592395273
0.6135549857875209	0.25385025629399094
1.1747972933148603	0.25986104554556355
0.851110653727079	0.2715774123397035
0.9003053637215024	0.2535733447605686
0.6874072249963925	0.2722509368852106
0.41969767978187117	0.2521219841129116
0.4943909575900018	0.2780577433885009
0.630324306804759	0.25809124556480867
1.109735855745814	0.2492493570549647
0.9012031597716484	0.23273276258678804
0.43111847406095416	0.25626789073907197
0.47174954489706156	0.2704706944468663
0.4742082521770311	0.27130509968869393
0.9232198251042343	0.257913507920468
0.6809747795938605	0.23530097299463548
0.7905480056597992	0.2328175948764903
0.7673427224583824	0.2538491704685824
1.0411210617942381	0.2807297473031431
0.8065825526800925	0.2621546373640366
0.6936196533947383	0.23805460365059275
1.1942682585733528	0.2459073058015622
0.43815389111711206	0.2587864674676967
0.808034442699717	0.26246154979484954
0.39217920673137147	0.24181914779620325
1.055123876690369	0.24053678808598816
0.5807957072715084	0.24542221600474612
0.9920528620888697	0.24830836427131647
0.45384141076409845	0.26431032978035734
0.3646921653536562	0.23104057593675814
0.35352059778231654	0.22650691742599488
0.5958338297285395	0.2493166011264394
0.40999885012521364	0.24854289966685544
0.5768348844624172	0.24438868614335424
0.42563337695240067	0.25428576771544836
0.8767523937008468	0.24912465253184468
0.9121181836634644	0.2558087986719462
0.6991211901582377	0.23924759460792094
0.45828868527745553	0.2658541702429929
0.46763061403405654	0.26906684998823155
0.783610642211595	0.2572962022130681
0.9043268401760415	0.2543339577739431
0.869011347855406	0.24766388167404077
0.6497108020730695	0.2629425859217656
0.6206961854296215	0.2556617552202909
1.0255506779487542	0.23586766628004843
0.7536345984145263	0.25093730770354117
0.7400264426263656	0.2480378469106617
0.8965114598051738	0.23193000983779727
0.8314139022513906	0.26740510193678
0.8681844186284184	0.24750785220599003
0.34185350656325514	0.22167101756021448
0.5569144058325287	0.23913720899355845
0.7063284169615236	0.24080615620710658
0.7084296086789292	0.27739030108055635
0.48015687981082855	0.2733130129208539
0.5614632185959854	0.2994558611047166
0.8432123516628968	0.24279516639631865
0.8047957902617098	0.26177692901273736
0.6701278532085259	0.268001715932336
1.0143241707226793	0.2521600057361464
0.8403113827457599	0.24224735435423242
0.40940614133946945	0.2483223838918968
0.8501304780456242	0.24410114963621646
1.023473306096864	0.27723836291672727
0.41969767978187117	0.2521219841129116
0.951698606285359	0.24137339255303736
0.4194002096535936	0.2520130208009021
0.4382109328735571	0.2588067805119314
0.7812205977088414	0.23103967589041471
0.9882172981913823	0.24764708041478936
0.7506115310861041	0.2502940254777613
0.5796282684685535	0.2124378114577285
0.6822095711914669	0.23557061836167179
0.4921552182151347	0.22133704722994144
0.5877979521875185	0.24724127044092853
1.034493261696699	0.2794144271118374
0.6022398253520908	0.25096206343848465
0.40286830979798394	0.24587595011572888
1.2721629162333077	0.24257172963284698
1.0248825671273454	0.25399414298385004
0.3436708275366913	0.22243127323114417
0.4214255574915864	0.252753909792401
0.9372514713993867	0.2388993592429625
0.6867139226753491	0.2720809292886805
0.40710840754718436	0.1957350013728407
0.5605480594150457	0.29917278141517833
0.5243165948890034	0.23032930154474124
0.7023560822482209	0.27590831402262306
1.139733142653922	0.23779555403136338
0.9808545424937648	0.24637913308515405
0.8007662852685794	0.2609250655584061
0.45934700816839785	0.26622016970376544
0.6767966586092324	0.26964478711909234
0.7560285139742896	0.25144640247981415
0.7868557177024422	0.25798298889995946
0.9212490063522732	0.2865942334496151
0.9346951622365742	0.26009392636305456
0.7944392976120916	0.2595872303199254
0.6523384176975401	0.2635963482786893
0.462135047999105	0.26718183383605293
0.49397334873507986	0.2779196984495091
0.8962587271205139	0.252808345100893
1.0437508168012688	0.2812530595440913
0.5090518734903899	0.28286204986638747
0.8984673456603204	0.28167849019383956
0.6553313555485432	0.2643399928742403
0.9841102572714704	0.26956324913769664
0.895237682434686	0.23171203305732407
0.43435967943267306	0.2574314695274464
0.41118848500036176	0.24898486905084372
0.363857136346687	0.23070488145906656
0.4435463566034349	0.2606993032441621
0.4469899733445887	0.2619130499806125
0.850744299413072	0.24421700151999218
0.9933219581502034	0.24852728821783654
0.5881033448959115	0.24732037596940168
0.9084235692269654	0.25510922580847534
0.7323950707314109	0.24640719093211688
0.9223061276993183	0.2577401219084853
0.9119221630121395	0.2345663046238411
0.37836448972057984	0.23646651051555448
0.9253010476995478	0.25830856456933227
0.9880109858836665	0.2476115256222202
0.9441123571707859	0.26188764951766436
0.4364142900623387	0.2581661607723348
0.4100193133773509	0.24855050922527208
0.46054554778648543	0.26663402222586446
0.6615576114449246	0.26588369843727855
0.9820386580313828	0.24658292779511654
0.8130529120776294	0.2635223890862127
1.0742805609742254	0.18731193398498314
0.4023717103254107	0.24568905954397874
1.0238126450035174	0.2538080170361491
0.41709594607671263	0.25116725162145725
0.5526231850017344	0.23799361231033983
0.6988360939841014	0.27504844272332635
0.6126540626142186	0.25362111576168417
0.7030988711247484	0.2401083532104635
1.0380678425124843	0.2378407511385218
0.6504331597287027	0.263122395857038
0.5754426971001781	0.24402460469932405
0.46323309394618245	0.26755958166858085
0.6290173444353635	0.25776228683936975
0.6015665957709065	0.2175313572885746
0.4596924492047293	0.2663395189175438
0.8719966992931523	0.24822719370489207
0.8222868160676284	0.21916990826075738
1.123893320663235	0.23546506506178227
0.7672841058637977	0.2538367351274096
0.5928147584641171	0.24853839589836985
0.6234600243121026	0.2563606337387976
0.5310678369303856	0.28993417886473927
1.0117232131049487	0.23369240405680697
1.2374200604437322	0.2253252466748913
0.6719806206418514	0.23333170470767656
0.7582665365033529	0.25192210859566316
0.597765411244494	0.24981356888879883
0.559104058849211	0.2397190024714008
0.8037762741005252	0.26156140523582544
0.7132147515818806	0.27855657871200007
0.5104448851790843	0.2833144195912283
0.41999549542939946	0.2522310234248016
0.8944036906124653	0.19108191032749777
0.6127301019333798	0.2536404609197633
0.6199181140245862	0.2554647882447516
0.5225261201380186	0.22983702878031448
0.39088867076079603	0.24132444029745814
0.4440589466272272	0.2608803529499135
0.48185435081285305	0.21838546380521187
0.5388130454799482	0.23428139978499174
0.43137408483166306	0.25635985927720273
1.0463279002715713	0.25773878682090673
0.5122875969036842	0.2839117687330858
0.6216713399415593	0.2559084762959178
0.682961826527366	0.23573480893461599
0.41048017838688633	0.24872182254794775
1.0357366082535557	0.2558859614757657
0.5888445414730124	0.24751228875153705
0.4515904331926389	0.2635252749021801
0.6608407368130368	0.26570618102892524
0.6192400080212985	0.22156984874659244
0.8887553367205477	0.2513907056228617
0.6428057276297716	0.26122044269486017
1.2850552005813691	0.2443921964334443
0.4613764235400149	0.2669205257273019
0.6658310568780629	0.2669407727344555
0.6409666473802234	0.26076072408196727
0.7098501924800735	0.24156605367639944
0.44366276888269773	0.2607404324742513
0.8438440182534794	0.24291443356629694
0.6140509067568785	0.2539763299042248
0.5290782985383219	0.2893016052676751
0.7449426105350965	0.24908647551118537
0.9543814832020876	0.2108357167260001
0.4276754442255787	0.25502562867490003
0.461215015359974	0.26686489405523617
0.6249163156327401	0.2567283953360419
0.7584810761247146	0.2519676987503486
0.8359800344887051	0.2215369112407213
0.806679221999275	0.23588315646904953
1.0135736845594705	0.2520298509926925
0.39861046745826867	0.24426859155853484
0.7510879377144183	0.25039543043497287
0.9021024554972689	0.2539131946264165
0.4175593554485119	0.25133758903518627
0.7143812005663966	0.24254216704629583
1.2625522192524574	0.24122098759825195
0.6136185238156777	0.2538664113315508
0.9982791899706316	0.24938303204541684
0.4054768936294996	0.24685518300615159
0.5369693894656246	0.2918034260330532
0.350110163175349	0.22510422849205602
0.8595610576747212	0.24588078558572757
0.4820471303667612	0.27394789439173894
0.42383398217925367	0.25363191151464104
0.6386714574640017	0.2601863508883048
0.6279011288548629	0.25748113607339396
0.34277546831057415	0.22205703708759864
0.9252714152924402	0.23684957188595007
1.0453781595994949	0.23899513734555328
0.6507027156629541	0.22863358521205862
0.3084934650856432	0.20722750311393293
1.326110632612967	0.22534008437904476
0.43665238685881536	0.25825115535334975
0.5773230317397561	0.24451624517197276
1.1326866861432123	0.2367576087611848
0.874118736882777	0.24862763090649018
0.9236242395726666	0.23656781395353976
0.6016511103507649	0.25081116496728795
0.6192323288211445	0.2552911023226512
0.8160963676832759	0.26416576475696907
0.9714366517766534	0.2447597868693688
0.47339064691178584	0.2710279258732089
0.5967498968277154	0.24955238080196965
0.4513507759629358	0.2634415457166256
0.44150569047201627	0.2599771960657647
0.356716528439495	0.22781337192403064
0.9317187460295762	0.2595278521952494
0.6286049750229792	0.2576584416600371
0.7378025621246551	0.24756302518289083
0.7695918203008867	0.2543262184933318
0.454434297753891	0.26451669601716044
0.45754045134724325	0.2655950882831854
0.4030672300329928	0.2459507693224257
0.7602594186401782	0.25234552438009367
0.633317390822746	0.2588436476542226
0.6380283003820546	0.26002527094837097
0.8241276327866803	0.23918850598904787
1.053555382758522	0.2590073287508266
0.39375429535714196	0.24242148053821166
0.8814874306052364	0.25001839051499725
0.39992329274512933	0.24476539180748266
0.47505427066178063	0.27159159834745095
1.1200325806268574	0.22166214058529363
0.4039943207800765	0.2462991524799558
0.7780479961050967	0.25611836776946223
0.6397415280194783	0.26045422619185227
0.3903026375007164	0.24109943732394729
0.585216517843051	0.21374423570374776
0.9671254337593155	0.22669563151409952
0.6635256769929876	0.26637075794210174
0.7622053475531344	0.25275880358730435
0.6639383337745383	0.26647283018633566
0.971783466561629	0.2448193736065971
1.0132629066428291	0.25197596166407715
0.4551984593167381	0.2647824271105289
0.751873962957214	0.2505627142647915
0.5939615600138615	0.24883420800561423
0.6439863153571038	0.26151532015445966
0.4288731586009048	0.25545850402068304
0.5958170047426871	0.21620541695531004
0.6374682451091078	0.25988495740179207
0.42151118644071506	0.2527851822685895
0.4036849037285566	0.24618293799644247
0.40743377548246223	0.24758705574060896
0.9460451453213384	0.2622563354441058
0.5894340118806489	0.2476648370255378
0.6314754373735492	0.25838077219762506
0.4296562814265051	0.2557411141602592
1.0141353372046973	0.2194972091712855
1.191151231240158	0.2454393879033072
0.628684748901131	0.25767853275699987
0.8803146062962647	0.2291568507491163
0.7695525666067213	0.2922473569543847
0.5834832246515412	0.24612158985907248
0.43823375299075346	0.2588149064686678
0.46232191069410444	0.2672461575318738
0.42430971481725893	0.25380495678133536
0.43402253126901397	0.2573106971820044
0.4247646397365753	0.25397031511372653
0.6723736774888799	0.2334179598526684
0.7051642344422658	0.2765937753562943
0.5363614251532808	0.29161134627335106
0.8961275290726795	0.23186431081163647
0.6486089638954222	0.26266819086265153
0.803110540066819	0.23520587272830165
0.8225464775959767	0.26552949296518924
0.3828494508087355	0.23821818720242002
0.5501873023502114	0.23734241227013927
0.40030671103271726	0.24491028233692624
0.8261303211975143	0.2662873980118716
0.49591324826637334	0.2785603766641176
0.887146422944325	0.25108685098997974
0.4445024223474035	0.2610368831953304
0.5439618702471664	0.2356712375933509
1.1446495947525503	0.25490594779810444
0.863805146247504	0.2263255370141875
1.093868595914656	0.21813168533151936
0.42197193051142284	0.2529533790550108
0.6000619920254691	0.25040352399590876
1.0381176003950316	0.23784860307084268
0.46561863537012993	0.26837833334378297
0.8884815244236373	0.2143415900338037
0.3933332630566278	0.24226062869099751
0.45011985185311937	0.26301105183367884
0.5731695616141539	0.24342922389857283
0.9797412105463164	0.24618756193462576
0.5324065393041203	0.2903591277073769
0.8985193866482895	0.23227358909573056
0.6269605513307236	0.25724407857742465
0.7920978869430886	0.2590920215433965
0.4486215614336098	0.2624860406861896
0.7326215527217206	0.24645563833212789
0.6712405299018162	0.2682761527799525
0.5222212210158493	0.28711176035771635
0.601577595628145	0.25079231729722945
0.8532976814884475	0.24469889115381893
0.8108892451590561	0.26306501533879423
1.0601074691246102	0.22615951858530212
0.8104283885334114	0.2629675965955101
0.4462718736078511	0.2616604408462189
0.7537193222551674	0.25095532982432883
0.8946516335194714	0.25250462505150456
0.5364413533181223	0.29163660500291894
0.4380170406380312	0.25873772692675384
0.7046360106589414	0.24044059712035631
0.6764907480715325	0.26956950675291774
0.6115408281802	0.25333778457327993
0.4423502264338365	0.26027630136240165
0.5951124438081168	0.24913081533740924
0.43905657883586224	0.259107722570467
0.6607238373344503	0.2656772282401306
0.4475445610618133	0.26210796266058106
0.7555560630291762	0.2888471495164881
0.8271561348151101	0.2397613367638401
0.6561954149132792	0.26455448672577275
0.49141106308612825	0.2770712069394402
0.4247754810192757	0.2539742543480156
0.48309070892124784	0.2742977606993905
0.49861385622001103	0.2794498658967988
0.6203587976746919	0.25557635824951214
0.44208385348122486	0.26018200089830806
0.6250872883717694	0.2567715499541563
0.49311324238911763	0.22160970997103083
0.9649673873378486	0.24364887839144328
0.9989493913485978	0.24949880155170742
0.949883966464897	0.2101819776276985
0.7021308333192258	0.23989900726620839
0.5868015762699026	0.24698304842315444
0.7693265087444358	0.2542699533519494
0.9014026138070875	0.25378083785895666
0.6392883932352326	0.2603408101694335
0.7689583361940985	0.25419187028329554
0.3859434636157056	0.23941872549051996
0.6433885645084153	0.26136604181037987
0.4604465038862872	0.26659984822588884
0.5996168406300403	0.31109465028059563
0.6092377804536414	0.2527509528231841
0.6478258165112597	0.22799378230026793
0.8027595166091457	0.2613464594575993
0.40584892640604886	0.2469945016887444
1.1576928896943819	0.22676525997154637
0.3994816319152522	0.24459837838221088
0.7256920415900083	0.24497175884988948
0.8742740820605288	0.24865694621053092
1.2697091980234232	0.22946956946343727
0.6048280051228877	0.25162470790729163
0.7327815078742707	0.24648985276466773
0.7628128524170927	0.25288779482538337
1.0137383087148697	0.2520583989541678
0.8026144899363608	0.2613157998826359
0.6297502171503045	0.25794678015483147
0.7848376782070506	0.2575559175198999
0.6614258289287975	0.2658510697599405
1.0598666674246242	0.2601180137419082
1.0066281283993352	0.2508265734469057
1.050407549436012	0.22475209067454893
0.8896430543419548	0.25155837429585315
0.6260358008358978	0.2570108785913101
0.37467007175457645	0.2350132751816563
0.6363645137206123	0.25960830593785356
0.4209017010622447	0.2525625022196117
0.9983356189764463	0.2315897560641173
0.6538674252540445	0.2639763879923368
0.8930021762816975	0.25219295039105144
0.7596848189677763	0.25222345999169576
0.44681321526364126	0.2618508950436304
0.6137964953325156	0.25391165833240875
0.7016558838726139	0.21563435347495477
0.6265110676602519	0.25713074587291357
0.932213923149253	0.2889778967233429
0.4635082791949324	0.267654162877167
0.6852983777205554	0.23624440449216974
0.4038545360778837	0.24624665776346846
0.5982016060288705	0.24992569700117187
0.653023484421275	0.2637666583446847
1.1224652682055258	0.23525542592515192
1.0317956458806994	0.23685154150991897
0.6368137470680544	0.25972092731867824
0.460557930747615	0.26663829450573034
0.4398245457908857	0.25938069779969053
0.37765664437869895	0.23618879982841465
0.45841153921548117	0.2658966839868132
0.6960528245616033	0.23858259107578975
0.8160796699254617	0.2641622347936211
0.7717805194834875	0.25479029036031037
0.6378642857654397	0.259984184021994
0.47361104015359806	0.2711026695239214
0.7150514046137052	0.27900394379871524
0.5617090069891807	0.24040963302131568
0.453648091097556	0.26424300414479696
0.35016550812171976	0.22512706258483103
0.9240354037354781	0.23663814458777865
0.7607917240478008	0.2524585916836848
0.9248148274405587	0.23677146893392037
0.6195038858048906	0.2553598875160037
0.8186766715042022	0.2647112707024808
1.0523511730977055	0.22503400021630424
0.6296035145320394	0.25790985566653146
0.46853369544368445	0.2693752958841916
0.8153702090058017	0.23753070702421777
0.4570753567084626	0.2654339112623906
0.4353511307013692	0.2577862739626683
0.7319824393270647	0.2463189151201682
0.42314356523289015	0.253380550546343
0.45384141076409845	0.26431032978035734
0.8234988584082499	0.2657308853903391
0.8424459707080413	0.17485486383470134
0.7513404045069536	0.25044916436884557
0.6072248530949841	0.2522372855891452
0.9485804635422715	0.2408391547900942
0.6073121155678821	0.2522595684465658
0.860444842284583	0.24604754232833792
1.049496343170747	0.2823993021094767
0.8861551745542029	0.27903937891787944
0.7405709256181914	0.2481540547826053
0.43227626129920527	0.25668417959662054
0.9595117858994777	0.24271283456028545
0.52651231664507	0.28848391249241295
0.7107736235734458	0.19945541357080915
0.4520103380756549	0.2636719094099678
0.4418177440538938	0.26008775732680356
0.4714147338173957	0.2703568642456826
0.31635670308577546	0.21071841761219148
0.7603744464248066	0.25236995850091287
0.6117050468865298	0.2533795935255853
0.6204366260245396	0.25559605918012784
