mu	sd
0.9472849445108327	0.12227560690390112
1.0192636023222565	0.11911302119004759
0.9779959204557785	0.12221728522713844
1.0483017955328318	0.11509324687840328
0.9902232958101905	0.11986575714892038
1.0713755206490938	0.11725606246780546
0.9790903869895351	0.11944668164895636
0.9904165660102333	0.11987401750294881
0.9311571512630998	0.13166867372729252
0.9917796979242647	0.12262317429342817
0.9764162723832334	0.11936286219822494
1.0079516964407984	0.11839732496658185
0.9945077800995792	0.1200566951762809
0.9930717169665586	0.11999087346119507
1.0846552828673424	0.11671336558230239
1.053187963471917	0.11751122039584283
1.0039324105739784	0.11816763616613399
0.9913065426863641	0.11991248550083315
1.0585813556163417	0.11410351772717134
1.018225008078844	0.11480783100177304
1.0600899923366813	0.12035929516114938
0.9528668371066967	0.12793907842052632
1.0124038076294537	0.1164812815492037
0.9299527307321134	0.13195755158065148
0.9427521592672438	0.12935183281858365
0.9641778687391926	0.12206029301661458
0.9757120440138426	0.11934189391805275
1.0475648129493433	0.11701039646371665
1.0005226517835415	0.1158005111377785
1.0336607635149588	0.1139441370974412
1.042923406371526	0.11661777939321041
1.0046507256681765	0.11602584766165704
1.0338066905318524	0.11395484039536961
0.9365790112889585	0.1304840482487574
1.0930443953373081	0.1122041258055169
0.9526730854108463	0.12215204651428527
0.9499796685338039	0.12829064582920144
0.9922135834464989	0.11995241836535511
0.960572278226025	0.11900660048832404
1.0957498506497096	0.1160679608646103
0.9082163571409099	0.1389664778679271
1.0281502773886049	0.11754155858726213
0.9888647063341202	0.11980863348793239
1.017354491964419	0.1189848867823536
1.0481652766252647	0.11706252991633485
1.0721084532583287	0.1173332269361542
1.036682555084831	0.11819744583585796
0.9860197235098841	0.12242525548202862
0.968081517256838	0.12207710108644781
1.0674182562532308	0.11892164278099283
0.9841140897182067	0.11962190746512415
0.9777970922716691	0.1194053164540191
1.0523528326726657	0.11957523049801683
0.9713908567572889	0.12210879064307463
1.0337328275805602	0.11796381811059715
1.0101330752743758	0.11852730396214003
0.980478491175781	0.11707418994583026
0.9938301021977435	0.12002540494096574
1.0052950334722708	0.1182440907616911
1.0057635041396913	0.12063642810613394
1.028474130856955	0.11977540205200865
1.0422287896808458	0.11865754545618334
1.0384644269538208	0.1162572206404672
1.0890511873655135	0.11932591395795437
0.9559142056088097	0.12210355148992676
0.931275358991625	0.13164083824842476
1.015088465114756	0.11664898781468187
1.0108561110121024	0.11857122091724542
1.0170404043277534	0.11896409748761373
1.0047296501635459	0.1182121925439697
1.1055058626080545	0.11730334622688046
1.0040277021411075	0.11817293585099567
0.9870984166952038	0.11973683876597531
1.0678150510739637	0.11688959056563616
0.9648980863009479	0.1268607523433846
1.0092607994113227	0.11847487622699208
0.9571677574345119	0.12208972946855408
0.9964506815864361	0.12281243410875167
1.0467304925105378	0.11693847715693446
1.0915468206036165	0.11752665323677064
0.9648302792016972	0.12206150765364236
0.9837274384411275	0.12235763553896932
1.0160133685354429	0.11889668889963578
1.0270570421999752	0.11540413634693221
1.014134169950426	0.11877559459703069
0.9228344677402562	0.13386767154602164
1.0921739252410565	0.1138266901833814
0.9632196906008632	0.12205969489731934
1.0277561538273123	0.11170570136238968
0.968905422201418	0.12208352451445689
0.9990808876585658	0.1202785501129428
0.9342408412363511	0.13097214658190406
0.974578560018268	0.12215381003403956
1.0633071344553473	0.11644425733168383
1.0346420932926168	0.12026271253441789
0.9309642513242432	0.11907988789605899
1.0066271881205036	0.1183202364556653
0.9738815291645134	0.12214277829570878
1.005218589885308	0.11823976333877954
0.9484169784769556	0.12849755909885566
0.9964954753067007	0.1201508328477456
1.0716830718055828	0.11728836793172163
1.0235580914246445	0.1172129180405703
1.0520825422113802	0.11741049149377948
1.0308089460427567	0.11773947694358983
0.9910903065470862	0.12259740620430286
0.962467952074247	0.122060224209058
0.9861703362196771	0.11510735696227034
1.0589616016829586	0.11805667212562977
1.0228929580229373	0.1193651350152654
0.9876967029198965	0.12247877863353875
0.9706491107818985	0.1192049100842636
1.0432060997978772	0.11874156814877229
0.9545588288264399	0.12212156223192856
0.9791418457743728	0.12224199913052176
0.9923652412720468	0.11538951094892835
0.998428340861896	0.12024575189014995
0.9940354964404492	0.11765526659705516
0.9572870544454135	0.1220885540760153
0.9926482935685924	0.11997181675989128
0.9778256010268533	0.12221375740017833
1.039156614771296	0.11839924505985085
1.0768455023746293	0.11784736668085662
1.0546405323462904	0.11764534209844284
0.9519382040228589	0.12216567254344651
0.9627042447198507	0.12205996256064582
1.0444408373837963	0.11674415209596196
0.9918606542170697	0.1199367932802966
1.012540044596364	0.12104092071390393
0.9949847014150155	0.11770116256077762
0.9982398155688085	0.12023634707205953
1.0414583171030134	0.11649755377133458
1.0005740437842214	0.12035503141535278
1.000463572983413	0.12034930459425851
1.023623226359072	0.11721746468853993
1.0029311218133423	0.11811237497120501
1.051971392894766	0.11740042632952578
1.0068457549992105	0.11833286241380592
0.9337025620013467	0.1310893428044968
1.0517452304105441	0.11737998139505106
1.018561418578272	0.11687374858492944
0.980284201299756	0.11948623267090143
1.052675173266392	0.1196063041166309
1.0042069031731715	0.11818292130860943
1.006983851088654	0.11834085914289302
1.0750977261452606	0.11765444646248976
1.0279621009083946	0.11973658670142992
0.9633670243053756	0.12205969445042025
1.0183197488037687	0.11481394327573657
1.0381460032276253	0.11831615687092438
0.9829818942098953	0.1261895983442047
1.0155476954536202	0.11886641151277282
0.9875288611528079	0.11975407727449973
1.0334696952507454	0.11794333706490269
1.0549165518939296	0.11767105799137835
1.0361287652361064	0.11815301322768595
1.0842708420134408	0.11299415626875954
0.9834395442414968	0.12234960004979115
0.9764054417253224	0.12218582003266223
0.9705365749464052	0.12209911867898225
1.0553329882134859	0.11770999689058019
1.0037372500424544	0.1205236627811532
1.0792127405417633	0.11611349647076977
0.9643483117869543	0.11906901193533226
1.045577611793305	0.11894931504901672
1.0892312825822423	0.11934987974256285
1.029422950449796	0.11181945319222177
0.9699069378547435	0.1191868856803662
1.0296174751768732	0.11986295827114973
0.9972982781843296	0.12018985217383596
1.016264021938496	0.11891305993340592
0.9635362122439213	0.12695418522351415
1.0655221760777216	0.11872006940682296
0.955487642388	0.12765295086796727
1.0225031564521567	0.11933751411459609
1.0308777486339131	0.11996090223699463
0.9998564368433174	0.12031802567926787
0.9906717934132985	0.11988497702656649
0.9985029856059342	0.12024948440696367
1.0531242496775428	0.11750538347318283
1.0701925114620174	0.11713278011211625
1.0525406505285326	0.12193375739975852
0.9469650430642835	0.12228471375697175
0.9724857602100346	0.12212267783744465
1.0452232826333645	0.11681006174043047
0.9487655956856885	0.11890943187128478
1.026049953997851	0.1153333929830432
0.9566465666163738	0.12753601880940396
1.0413622082296061	0.11858379966761891
0.9455137460693607	0.12891441709063614
0.9958424477095392	0.12011951696587417
0.965738955923069	0.11909563501138694
1.0992901899670604	0.11649955485775304
1.0431859646839328	0.11873982783466165
1.015530913366142	0.12123317238579662
0.9569369068576916	0.12209207269949346
0.9874250612508064	0.11974990506089521
1.0259248309622837	0.11738023227969151
1.0410898087394913	0.11856076384443935
0.9998130992442761	0.12031580559679486
0.9816973273026995	0.119534737541878
0.9598171837358407	0.1272448469464764
1.0347477321114233	0.11804336176381379
1.0735894004013833	0.1155271360712904
0.9691731068915608	0.11916958764190326
0.9620110647289033	0.1220609792732006
0.9537074724854986	0.12213453403000135
1.0699573635161725	0.11516469948525482
1.037784581491003	0.11828666356320262
1.0376337586963365	0.11827439011444747
0.968046118461087	0.11914404189563421
0.9491261993653156	0.12222712596235634
0.9540464004455125	0.1278065126982079
1.0314599788442727	0.11572197546848643
0.9846160143052292	0.12238308233576148
0.9270522470879886	0.13269328549705384
1.0453466579352828	0.1189288381764362
1.014032822055421	0.11876914579434526
1.0150786148345543	0.1188360926068202
0.9947416744704027	0.12006758970247652
1.0345447169743252	0.11595312482433347
0.9528415750371646	0.12214906169388244
0.986675998706563	0.11972008349099475
1.0262854324650346	0.1196111701930996
1.0313396737987242	0.11777967299573772
1.0089447274753085	0.11845602795606777
0.9800907449466537	0.11947973460798432
0.9609666411512763	0.12206394912152392
1.0061712177495443	0.11829401697622648
1.00254716557059	0.11809139040432748
1.0480474616375015	0.11705227622828257
0.9522902647717499	0.12215902100385971
0.9905235325150116	0.11749139728515978
1.0953911678634423	0.11081929111357511
0.9986680303932277	0.1202577549310038
1.0409216603475542	0.11854657859478644
1.0163737285478742	0.11892024155318227
0.986303781057947	0.11970545236547386
0.9460297735197729	0.12883716627081443
1.0058458017782441	0.11827540426444318
0.9752869071754976	0.11932946001727172
0.9962412005193121	0.12013859393441438
0.9916125861436894	0.11992587715715823
1.1072330971966686	0.11209401280942129
1.0291044487489913	0.1176119338771542
0.983884915644933	0.11961341397612223
0.9357653793260245	0.13065006660198986
1.0196570036890813	0.1169465053181466
0.9696704709252382	0.11671093370663042
1.0675553012788737	0.11893640027470744
1.1781749297752024	0.12284733367806337
0.9822338899149529	0.1195536322852037
1.0352417785344397	0.1122300503166733
0.9859916153671213	0.12242438740730063
1.004553331056051	0.11208335378302726
1.0581755629129765	0.11596061248930375
1.0369436980723317	0.11613783950522293
1.0127587901309023	0.12105469164256509
0.9636850516480558	0.12205980823667037
1.0360599636961092	0.11606928389219787
0.9452848203536212	0.12894913334318428
0.9680971273743211	0.1220772136295049
0.9526010112300867	0.12796982513658955
0.9917796979242647	0.12262317429342817
1.0047296501635459	0.1182121925439697
1.057967128284758	0.11796031470923522
0.9836711069705564	0.11960553282905692
1.0812478197796922	0.11269014423996239
1.0377854636178803	0.11425232896286586
0.9558448578581438	0.1276162937119133
1.0486138662509366	0.11922362388587383
0.9472735648883267	0.12865661614671148
0.9728511272644979	0.12212768133321002
0.9950302948406842	0.1200811004864256
0.9880318280869231	0.11518944254254714
0.979988353897706	0.11947630925735611
0.9616126862921774	0.11902233943828917
1.0082609259669273	0.11623263438872447
0.9829272480680592	0.11957843653525546
0.9913452722715071	0.11991417558660529
0.9427188078057391	0.12935736743145687
1.0318438029867714	0.11575035191058673
0.9722265891276646	0.122119240329644
0.971630091838013	0.12211168258447859
1.0124185661615954	0.12103329273140083
0.9822014403835503	0.11714032781150403
1.0214469596167874	0.11926333459991864
1.0847377383252637	0.1187731961843689
1.00444161617497	0.11601414935094985
1.0130050751430557	0.11870422098752632
1.0245553900699498	0.11728289143154565
1.0301543113530716	0.11769021352462015
0.9902001082374889	0.11986476835581929
0.9952590476706217	0.11349868988894266
1.0339568250061815	0.11798129903536249
1.043217878221441	0.11664215487460396
1.0237700574877122	0.1218089407051407
0.9868701082577592	0.11733083099428533
0.9845383171957105	0.11963775527598292
1.067310322254854	0.11891003832865876
1.1134713278876525	0.12081257973434016
1.0188259165653384	0.11908337489431305
1.0179400941363572	0.11902386664893803
0.9837169160442262	0.11960721790006865
0.9952840428642699	0.1177157783291284
0.9936510983932018	0.12001720816759809
0.9927751967296808	0.11759538543577705
1.0891042949466232	0.11723078825851284
1.0604668429305937	0.11820453005871104
1.028538684993904	0.11978031297050805
0.9586367579981054	0.1273484342077645
0.9928459573232298	0.11759871559670866
1.0917691504108489	0.11560210907788086
1.0689334005144333	0.11700324094830898
1.0265881067077829	0.11742790533695725
0.952512282133474	0.12215494347409825
0.9856258814658583	0.1261686944104226
1.0059710068536212	0.12064818649249036
1.0083324858087683	0.11841974321131522
0.9513576258186236	0.11891750400262653
1.025843922948725	0.11737444061443852
1.010854473389537	0.12093632185075819
1.0034676672859957	0.1181418902782873
1.0091875435072817	0.11847050071849488
0.9785705991103669	0.1222294667654062
0.9941844059622753	0.12004171306833858
1.0088197461328203	0.11626546176114988
1.037748854956089	0.11828375443998763
1.0734284491846036	0.11551081394935218
1.045881720628732	0.11897636012234758
0.996671588366416	0.12015934341737299
0.9749884647781641	0.12216060375750674
1.0746512681025666	0.11563544403854487
0.9413590565615042	0.12958826001583568
0.9851009063743668	0.12239737805675371
1.026771346166425	0.12203683393304662
0.9548871307406775	0.11894072158610583
0.9997579479290847	0.12031298275593451
1.0360181021009278	0.11814416623406385
1.014075578490306	0.11658510087390847
1.1210691613670858	0.11970874542915981
0.9749411547810457	0.12215980811198994
0.9836594505581842	0.12235572865649559
1.0066156874920433	0.11831957313643497
1.0189364062695199	0.11689855033263923
0.9857346912415764	0.1224164972830885
1.038191295617624	0.12056071330506077
1.0210703924547828	0.11923711961598105
1.0500431566341983	0.11935616158531294
1.0148208360288558	0.11881950787419751
0.9979374775847024	0.11784831931791966
0.9442938722147396	0.1291025990681529
0.9791775663768466	0.12224279676754272
0.999411426639082	0.12029530882127927
1.069291253619391	0.12143052750633576
1.0191176569356935	0.11910311776439415
1.0330027732951066	0.11790713704079668
0.976823383015191	0.11937519484218778
0.9673370961841238	0.12670999288820622
1.0264058243483547	0.11962009029161072
1.025782289428657	0.11737003211950496
0.9740208504558451	0.11929343701878618
0.9402704845232884	0.12252415468938581
1.006162630575834	0.12065907990831891
0.9736847627358577	0.1221397833984235
0.9660823328655253	0.12206564709647064
0.973157719588146	0.12213202159866633
1.0000968342553584	0.12033037119274861
1.0155205943581742	0.11667647146769677
0.9912561985933985	0.11991029058083075
0.9937172445699604	0.1200202337449154
1.0591459482985177	0.11605025962500709
0.9791661095710866	0.11944915141122198
0.9915322259930974	0.122613859819061
1.0050281780596448	0.12322605291908716
1.0300707331405088	0.11562017090874915
1.0928132726750535	0.1176837019459126
1.0084787323837268	0.11842838362797478
1.0072678464907627	0.1183573515448379
0.9345938835614355	0.13089627196527384
0.9684953017387012	0.12208020411381784
1.0414120208483488	0.11649378300020641
0.935396054948248	0.1307267666253599
1.031747291338838	0.12002937138099627
0.9534773908283054	0.12786967726393178
0.9995735565481159	0.11793272256968733
1.019760982861655	0.11914690706514051
0.937626423778138	0.1302762424819721
1.0121853776248022	0.11865305154242924
1.0261935476236816	0.12199214804684161
0.9613649070098157	0.12206261142573754
0.9931766563247486	0.11999562109919541
1.0182429729760036	0.12141503379751309
1.0092029648133187	0.11847142146544086
1.0416784714855665	0.12086738049996952
0.9709479069793245	0.12210364761086313
0.9620265480657377	0.12206094829113001
0.9413882682066708	0.12958319128954932
1.0456911161830906	0.11895939830141392
1.0033262386911426	0.11392022305053949
0.9989982881193316	0.12027437747344881
0.9731958075322634	0.11927077565384102
1.0476432494999683	0.11701718868797181
0.9929485138766244	0.11541740258424016
1.023322960046769	0.11939575806247238
1.1608141385301767	0.13001704298961472
1.0014872907122063	0.12304492740610058
1.009167242528043	0.12345663465371479
0.979734353034348	0.11946785355697509
1.0574225889980886	0.11790798995487799
0.9689913825845367	0.12208425124526442
1.0180541636167784	0.11903149282200104
0.97946317403173	0.11483072518276399
0.9191615268806459	0.13499529398015062
1.0059261772359331	0.11827999376949429
1.0639277149440536	0.11650438881594946
1.0694437114116953	0.1170555377040073
0.9937444837529507	0.12002148081957648
0.9558739340722932	0.12761333418301643
1.0254837295705386	0.11955210356255767
0.976141257984293	0.11935461858227354
0.9881559391522491	0.11977948810456028
0.9561197557918704	0.1189520675520174
1.0110264072755668	0.11858162539936808
1.0073369531940988	0.11836137435382016
0.9946247136328744	0.1200621357106118
0.982348119544843	0.1195576886648565
1.0178918032851556	0.11682972015813106
1.005747546248337	0.12063552545643735
0.9833734418146373	0.11959462964849554
0.9653316239575289	0.1220628812125538
0.9458537092225654	0.12231795318323893
1.0407455852544854	0.11853175272394546
0.9993907472368102	0.1229445746660795
1.000649020597847	0.12035892445298321
1.0130634055048116	0.11870788292383004
0.9934488227133409	0.1200079801131117
1.027813049616439	0.11972533318457344
1.0227019890856424	0.11935158666146023
1.0558542248169986	0.11775897569190066
0.9944064597622377	0.12005199092429392
0.9527463853707262	0.1279529703939254
0.9990074607706803	0.11790328650344102
0.9745915532352044	0.11930948851880335
1.0220322462728755	0.11710733895650996
1.0339425097740038	0.11590744153506335
0.9813247036262679	0.11952177025403522
0.9896974730994561	0.11745420957433238
1.0053778434523744	0.11606676223306893
0.9857989113646032	0.12241846194443112
1.0485543335938778	0.11709647661718367
1.0318205183624547	0.12003517102315146
0.9971650398125432	0.12018333649465193
0.9935111647855489	0.12269035701694661
0.9909011425395509	0.11532050679017068
0.984355704030912	0.12237552688866439
0.9731577025826866	0.12643088571127814
0.96167155623226	0.11902326338355637
1.0049480442957661	0.11604253310803549
1.0137010288396338	0.1165616651867082
0.9567296500756036	0.1275278563137578
1.0171189047082834	0.1189692857083325
0.975217178821009	0.12216449255157633
0.9853080478941717	0.11726525749327968
0.9932148199626584	0.11761613661544493
1.0044777422960058	0.11819806041263232
1.0998170488438361	0.118605112096032
0.999616159184704	0.12030573799464864
1.0082187252669146	0.11419581858383789
0.9754235261782063	0.12635093465457317
0.9983704588800774	0.11787045693695278
1.0000810668153457	0.12032955987689865
0.9876211448555863	0.11975779471628645
1.0459466299359812	0.11898214479038059
1.0283571530041773	0.11976651290400345
1.0775250599463189	0.11792345475107281
0.9701959443079178	0.12209554910458882
1.0021635232186117	0.11807053684309751
1.0417029852774233	0.1186127154923211
1.0894275603657746	0.11533681884883908
1.0450869186008258	0.11679853816124308
1.0231757956856051	0.12176502636130218
0.9464874342169758	0.12876980863052534
0.9987780913648351	0.12026328369651336
1.0117914588342862	0.12099413671224493
0.9855661479492449	0.12241136501256354
1.0130100764613972	0.12107056720337048
1.0242485926191063	0.12184458777530109
0.9536725990283728	0.1278478438308235
1.0305828203363576	0.11772242074522445
1.0116190812075363	0.11861801662410222
1.0077441276996586	0.11838515291769695
1.0377766419740737	0.11828601697037343
0.9935694003815927	0.120013476618961
1.0125157462340897	0.12103939383128763
1.00157537278612	0.11803878755662438
0.9871560452134549	0.1197391370368885
0.9797912089253957	0.11946974114578973
1.0206783292073944	0.11920995491461196
0.9477078132002668	0.12226388191893227
1.0176295073661168	0.11900315725122747
0.9917707328254374	0.11754852218391161
1.0535942463302008	0.11969560105808502
1.0339951122537976	0.12020982657953334
0.9606922239392242	0.12206501897778384
0.9884177632829341	0.1197902022236953
1.0269761649719322	0.11966252676728585
1.07671787697253	0.11584940347803034
0.9755013179949164	0.1193357096958879
1.0795764336987372	0.11615254349948187
0.9853839434689876	0.119669830300654
0.9492524365114395	0.1283854517498536
1.028274270215813	0.11755066253988686
0.9414550351935793	0.12957162406828515
0.9860719280490928	0.12242687028454584
0.9460339345082664	0.128836548986524
0.9840074725616507	0.12236555000483544
1.024615659420021	0.11948879620356072
0.9672001007260087	0.12207132449380444
0.9980869511838517	0.12288473899353597
0.9881858859093233	0.1173874964336604
0.9267928504010268	0.1327618926706364
0.9634019232799765	0.12205969928213359
1.0024749712946668	0.11808745746741466
1.0653697034392156	0.1129166910434882
1.042780127783449	0.11660594490029749
0.9999943551205135	0.12032510209195622
0.9929018280452102	0.11760134768666361
1.0582053801731934	0.11798330506521897
1.0179990917906676	0.11902780960999923
0.9905557653161031	0.11987998754096599
1.0396420108642723	0.12068654025544646
1.033518860555918	0.11587546672180411
1.039204426407378	0.11840319865857042
0.9717791664739045	0.12211352501889614
1.0141430313928212	0.11658933223152691
1.0875211006931653	0.11704363076038565
1.0488883653258576	0.12155297213022552
1.040321819309433	0.11640548417615267
0.9400563508635404	0.1298192159912842
0.9812250913360198	0.12229124479383131
1.0339576484495192	0.11590858661163492
1.0502015814889996	0.1172416874713967
1.020298495486661	0.11918376269288573
1.100361274373779	0.11868106646561871
1.010995702732441	0.12094498342924942
1.0395911242973317	0.11843525113860867
0.9741374141809497	0.12214675169529342
0.9435107039164796	0.12922759642159024
1.0220093436021995	0.11710576777387434
0.9941058896952193	0.12271424305480201
1.0344484950528696	0.11801981809655757
0.9998564368433174	0.12031802567926787
1.0302491363564596	0.1199118591422222
1.0461870387969403	0.11689195206961876
1.0028324525179744	0.12047450835318
1.0197530833656638	0.11914636724770748
1.0663860514716132	0.11881131510957471
0.9936938978699308	0.12001916540358595
1.037796491073896	0.11828763358213011
0.974294931863863	0.12214924177667691
1.0033203509292457	0.12050092238471256
1.0416617671696158	0.12086587637439847
1.0067077006119596	0.11832488306232856
0.9899972021561171	0.12255769932242419
1.055357359057173	0.11570486124388074
0.9733700592872614	0.12213510309052855
0.9952215001394763	0.12009009198721675
1.012572444494775	0.12104295755844224
0.9853338111370169	0.11507122159921065
1.0044249503187888	0.12056151766565468
1.0208886366591652	0.11702937065010974
1.0032766971647398	0.12049855029668789
1.0095009336823741	0.12085425326765956
0.9329533745301142	0.13125552105881969
1.0579388719540077	0.11795759200757278
0.9487904969233723	0.12223547039728358
1.0116176442993101	0.1209833495250271
0.9971415309067985	0.12018218849556964
1.031434995886336	0.11023699567444406
1.0784666530991331	0.11603383707089529
1.0509567529666048	0.1173090713522
0.980488772617656	0.12227320749948985
0.9763898954769197	0.1193620684863166
0.9759867306497126	0.12217809054880965
0.9378190210228341	0.13023874830722348
0.9765239951523047	0.12218805071277626
0.9401106586519804	0.12980939441476458
1.0534588737080979	0.11753608180847878
0.9732332846237501	0.1192717910634525
1.02273778906923	0.11935412408583147
1.0058611103061774	0.11827627800456456
0.9997894621945479	0.1203145954350814
0.9434523676708688	0.12923703964996616
1.0345027775959614	0.1202512881054795
0.9908906907188175	0.11750809178412364
0.9823366955154162	0.11955728245464328
1.028895475086826	0.11553514488904333
1.104020122021407	0.11921192928408929
0.9755916198143221	0.11933835471366146
0.9596147824478372	0.12207039847711777
1.0063895671337122	0.11830655230498789
0.9593183647869996	0.12728793553415071
0.9815836286809658	0.12230027587435724
0.9810896999739759	0.12228787666313182
1.0852321464144066	0.11883463149276577
0.9540371839811899	0.12212935698472302
1.047890433494446	0.11703862855374583
0.9663002989402951	0.12206660841048765
1.057878330408028	0.11795176118467272
1.0403936811162933	0.11850220748701795
1.0169236550036436	0.12132565573713708
1.0318398280474235	0.1178177653106711
0.9761763014105446	0.12218156127184321
1.0184949941670047	0.11906106707121153
0.9850317568305815	0.1196563932493966
0.9782672594225099	0.12627180413317587
0.9962842224503671	0.12014066064215667
1.0152505522600446	0.11884718479591856
1.0211914922746645	0.1216211679966923
0.9739602523250467	0.12214399124955808
1.0212447604334773	0.11924924323953252
0.9812888155439472	0.12229283807433505
1.0185264995074006	0.11906318692035382
0.9868334061329275	0.1197263083384634
1.0459750313857745	0.1189846772528436
1.0449272409223178	0.11678506427174769
0.9865378498640975	0.11512337991803653
0.9933710459394787	0.12000444155047249
0.9563216051668982	0.12209876322163271
0.9666702119977144	0.12206840189196233
0.9725626639991646	0.12645445841639383
1.019567487664969	0.11913369963956556
1.0245531443154723	0.11522957349120667
1.0195127866890978	0.1169368767568634
0.958014741262946	0.12208190569121083
1.0169776143431761	0.11895995127302156
1.0365400763556376	0.11818598874568113
0.9544245300141257	0.11893689154080622
0.9562716309271831	0.12209933516429627
0.8938556526484531	0.14562098459022793
0.9950419991829901	0.12008164995150926
0.9738539782999139	0.12214235578547157
0.9866721600832244	0.11971993196665516
0.9777305593241165	0.12221180523537307
1.0018067508582331	0.11805124586062661
1.02843229257463	0.1155019094583812
1.0110804618072495	0.12095019066048907
0.9694839051063715	0.12208861997042769
1.0164325114169999	0.11892409368906948
0.9357569873836458	0.1306518000771172
1.0369795544543396	0.11822138532579662
1.011690395588045	0.12098786111745444
1.018875779908318	0.11689453339578193
0.9199910654534266	0.13473187894757768
1.0567219898901492	0.11784111700171078
1.0305310903155451	0.11017544507396586
0.9278871512801243	0.11151666503920965
1.094604549034627	0.11409453891895506
0.9286633354264678	0.11913366750801005
0.9717124711065852	0.12211269689386718
1.0079478517132479	0.11839709919899374
1.0216583255052294	0.11708173690792854
1.0084864308804942	0.11842883893231598
0.9861456091904046	0.1151062821401137
0.936243584656751	0.13055200054604155
0.9892580238140832	0.11982500124726789
1.0242277749688475	0.121843031700735
1.0530724905635884	0.1175006445594073
1.0044766680873864	0.12056438180256027
0.9747204206842252	0.12215613563241894
1.0062105489407043	0.12066180919991816
0.9588240166374613	0.12207555505736649
1.004946368760067	0.12059050484308581
0.9940636810516467	0.12003614369953826
1.0331086651440657	0.11791533072488654
1.0139120148369007	0.11876146970285889
0.9902812692876994	0.11986823142744024
1.0917880240031252	0.1175563653179073
1.0018225566590053	0.12042051529036517
1.021328007097062	0.1192550404893232
0.9779998819290843	0.12221736773064124
1.1023698559700443	0.11499206025959247
1.019281382527389	0.11692145971432942
0.9502217993021261	0.12220140307756762
0.9814750549256316	0.12620946444527015
1.0445940281325525	0.11886247870531723
1.0254787513887949	0.11529358786500196
1.0607353159365562	0.11823116215047559
1.088682786196618	0.1192771297187123
1.0611065290357575	0.11623393091608453
1.0139556878268559	0.11657758821308718
0.9796966353129708	0.12624059103202098
1.0036024606470737	0.11596750977514521
0.967114078440112	0.11912385431622323
0.9557783982598504	0.12762307199811737
0.9741413516582638	0.12214681353050628
1.0152036534908215	0.11884415681633526
1.095558908616218	0.11604516365113791
1.0747542224523725	0.11761698576137326
1.0914470701224128	0.1175143925271433
0.977081432052417	0.11695039005823533
0.9596545220914876	0.11899364932512504
1.0366349266354502	0.11611381847708094
0.9954362056941628	0.12010022742426109
1.0012910468769332	0.11802353485745609
0.9649856988192538	0.12206189270171654
1.0503477488676172	0.11725468973152575
0.9926569171234431	0.12265677175229657
0.9321443887459214	0.13143900552772592
0.9387675831985781	0.12259137707037697
0.97027815001265	0.12209639551888554
1.0020686105596748	0.11806539524207055
1.0198557883287873	0.11915338978575371
0.994766584003609	0.12274126272390803
1.0546685245409326	0.1176479466694234
0.9769865666349062	0.12219693169955428
1.0006174499849727	0.12035728459106051
0.9869963465124343	0.12245601231082852
1.0364619499327272	0.12041381560119728
1.0242444290032389	0.1218442765150828
1.0304814950654702	0.11771479152510997
1.045237309506471	0.11891916180290858
0.956302383968843	0.12209898269426003
0.9933282738142316	0.12000249787059027
1.0241576121496694	0.11520240204107007
0.950345314901712	0.12824394368542266
1.073060789684632	0.11955257386206036
0.9571990917732386	0.12748228401529166
0.9809861860923542	0.12228531718066805
0.950025375954041	0.1282847726915428
0.9654054940411104	0.12206311575315597
1.0189717617097116	0.11909323568065552
1.0117780366540932	0.11862782466879158
1.0172406086505466	0.11897733943741308
1.0517457369851886	0.11538679769787036
1.0036419261980591	0.12051844935828326
1.0645959752073255	0.11465118303564749
0.9369436454419737	0.13041095431208377
0.9707755090695651	0.12210172041551043
0.9705248262430647	0.12209899282699133
0.9651980818580281	0.126841074691101
1.0426059428775618	0.11659158019570047
0.9907645659029107	0.11750234545158345
1.0029006979617912	0.11811070803867049
0.9503286952392014	0.1282460525087843
0.9872860426543287	0.12246535767851478
0.9894432170601889	0.1198327559249883
1.046763279005434	0.11496508788331955
1.0257514761305713	0.11736782923385403
0.9661874155332575	0.12206610169455435
0.9432773120707004	0.12240480520148894
1.0314585847527624	0.12000655664895406
0.974641605361512	0.12215484022250572
0.9698137636032745	0.11918466043723462
0.9638169555628828	0.12205990131825334
0.9502788359032088	0.12825238696298524
1.0160211992550117	0.11889719956720846
1.0209533583773345	0.11703375677629702
0.9669506928763155	0.12206989716812235
1.0144954542411802	0.11661149362950957
1.0353300964766736	0.11601311460652663
0.9927143088383831	0.11997477734387761
1.0104995796331457	0.12091463857932701
0.9626267637939379	0.1220600387038167
1.0802332340080625	0.11823305803939538
1.067271252646449	0.11683479585651435
0.9535234982714955	0.12213750747424507
1.0198430399082614	0.11695894892611054
1.002349607612979	0.11808063758630832
0.9448227228179343	0.12902004975128875
0.9742870550733201	0.12214911646057378
1.0147193286765572	0.11881299209847519
1.0023410971155375	0.12044812391446796
0.9882487536625616	0.12249713997723423
0.9488866894275929	0.1284341071988951
1.0016089717032304	0.12040921366829248
0.9625880262335883	0.12206008030194214
0.9668221256403392	0.12206919729821628
1.0892012585530724	0.1193458789492631
1.0607312465873153	0.1182307578804026
0.9715320344138861	0.12211048757288373
0.9696755358582765	0.12209041369955506
0.9895705756349242	0.11983810666825467
0.9386043342514905	0.11895581104961839
0.9880443185232324	0.11977493915004467
0.9472444534724691	0.12866075167797222
1.0236896109160143	0.11942199725543998
1.0332920908338805	0.11585840650257918
1.0477295489306149	0.11702466796506153
0.9528415750371646	0.12214906169388244
1.0124959843863843	0.11867237733578088
1.01044225232226	0.11854603223498131
0.963724234266536	0.11905769565404033
1.0621421575269518	0.11837204335415359
0.9829520480275153	0.12233622785036534
0.9411684243718905	0.12248642818736122
0.9868877490796957	0.12245253516379781
0.9458009064241907	0.12887125722549028
1.0537251578255211	0.11368187666660597
0.9727214578713393	0.12212588453411723
0.9549656115881577	0.12211581833187861
0.9524971715597529	0.12798192369936892
0.9497292081453272	0.12221268376131307
0.9949210675348897	0.12007597865105746
0.9960332305525231	0.1227944849095349
0.9868394903017901	0.12245099455677758
0.9875034133498801	0.12247243635729055
0.97810296404496	0.12627575281870537
0.992051643600471	0.12263349306622236
1.0284378237288248	0.11977264171174747
1.0108988549382247	0.12093904175432471
0.999600407448676	0.12030493426243276
0.9997776441038472	0.12031399056392182
1.0454803503180299	0.11894068509036032
1.0055435626481792	0.11825819135854239
0.9716340144317822	0.12211173066759533
0.9708618593161384	0.11921017478139218
1.0451784180861363	0.1148349501451437
0.9900751450468	0.11747114764942979
1.0102026215022881	0.11853151005581387
1.0242282217807408	0.11946075693143869
1.0036718263390676	0.12315493559247531
0.9603097421207701	0.12206671281269153
1.013040072433011	0.11870641776091924
0.9766979137970146	0.12219135672266025
1.064382990774028	0.1165487364423831
0.9784714784134657	0.12222733512383314
0.9701771761419746	0.12656009158592996
0.9993681289337479	0.12029310801774296
0.9960127760158475	0.12279361062557449
1.019216915222602	0.11691717178161538
0.9910587424719671	0.11990170365165038
0.9715528728503738	0.11922757455560676
1.1210288537103583	0.11970141087668822
1.1038896313929571	0.11919233550179781
1.0483197079724598	0.11919662353101676
0.9471363224028355	0.12867615029120302
1.035662612471654	0.1181158181539664
0.9927298430897079	0.11997547457243433
1.0145461988114903	0.11457514616913662
1.0457559916478483	0.11896516741403523
1.0460347013311275	0.11687895562253811
1.0427794684660783	0.11870477695599277
1.002414184724579	0.11808414911406075
0.9736352370059445	0.11065246480194588
1.0489123149396462	0.11712782928954615
1.0172534257780383	0.1167880550484131
1.018062031599974	0.11903201924080119
1.0366627632354446	0.1181958532623418
1.021847279296501	0.11312464728447638
1.0042908082604272	0.11818760525556503
1.0290595338756823	0.11982007849334843
1.061982830129566	0.11835597502442811
0.976303236961684	0.11935946539731734
1.05983226528503	0.12033175843046617
1.1089917294256624	0.11399705927468519
0.9658566507010633	0.12206472661836174
1.0802609702570496	0.11622642591085462
0.9814800290493672	0.12229764968980175
0.9912833063377674	0.11991147215303284
0.992566757130181	0.11996816546137168
1.1019834406190514	0.11891188146547217
1.0521670025220018	0.11955737337920855
1.0346965306081457	0.11803932787652066
1.1334097892887451	0.12249981016957126
0.9670163769860055	0.11233442076354339
0.9893570681797904	0.11743903528920456
1.0387902578343688	0.11836901894530588
0.9854291699164284	0.11727027611322628
0.9579763798928008	0.11897225211941988
1.0583508346054649	0.11799736999167783
0.9918898286141413	0.11536694642709501
0.9866990310284772	0.11972099293817512
0.9788799583662812	0.12223620140649387
1.0592491572379468	0.11808472928930616
0.986112088664223	0.12242811479662273
1.0001094270224526	0.11374727236838958
0.9764647156583776	0.122186932998376
1.040585588211009	0.11851830550856143
1.0023799957361337	0.11808228960836156
1.0235004522481517	0.11515749946943321
0.9546175479140929	0.11893846106394848
0.9740153641878541	0.12214484541205785
1.0307036647394106	0.11773153059611167
1.0179081425570335	0.11478743217596986
1.0217269799083357	0.11708642965815655
0.9461129917410792	0.1288248378594464
1.0112781004241649	0.11859704542467797
0.9981769899923253	0.12023321999014122
1.036082733773817	0.11412367372547248
0.9960144193931211	0.12012772698486318
1.0129630596756263	0.11447778136574902
1.0191058257254524	0.1191023157198986
1.038066540699775	0.11830966249752745
1.0999737224921229	0.11658492568304633
0.9297073375136972	0.13201759199385732
1.0890094811439839	0.11721948081456536
1.0191107550162823	0.11691011748131865
1.0685922891039272	0.11696843748797876
1.0563355985786715	0.1157928702526919
1.0496412294676867	0.11931866288483464
1.0151528522002207	0.11884087890707959
0.9879981376025777	0.11977306037270266
1.0221524384490854	0.11506633153954238
1.0250474641614535	0.1195202032806038
1.0542673470061315	0.11372807528073813
0.9937928824470336	0.11764364551451625
0.9862116339022349	0.11730296419875302
0.9941960603260773	0.1176629820938818
1.0295487010124995	0.11985765687300508
0.9676406730046805	0.12207406961324035
0.9821576607552777	0.1171386194232993
1.0016326986339488	0.12041046713052504
0.947677330738262	0.12226471523825101
1.0297418166627883	0.11765935087247115
0.9523132297093493	0.1221585950434833
1.044038104338268	0.11474248090932966
0.9456445028481199	0.12232449135015203
0.9740208504558451	0.11929343701878618
1.1032616285414119	0.11700568899465315
1.039649210429329	0.11635147984909538
0.9671576924376726	0.12672037476434087
0.9411420348355334	0.12962606746917602
1.143141079647496	0.11698211929568895
0.9677498833175889	0.12207479412993795
0.9935056317855466	0.11762994411268453
0.9654793715003885	0.12206335855308838
0.963960524083064	0.1220600331269014
0.9845359062941107	0.12238074834388922
0.9980654489736663	0.11785484736364443
0.9784675139171958	0.12222725012991004
1.0662701846428841	0.11879901996475567
0.9344762204186978	0.13092147281342237
1.0096851469630836	0.11850030590599366
0.9996319114342704	0.12030654197502644
1.036566343780627	0.11610849298391228
1.0323641016671898	0.11785791638870657
0.9828162608310159	0.12233255577514862
1.0278895825640364	0.11973110893541757
0.9510640638095629	0.12815400348748027
1.0469261738686837	0.1169552913143703
0.9913138100737572	0.11752745732352551
1.0307933470649466	0.11773829900343634
0.9879365693428579	0.1197705585664994
1.0512337802888037	0.11534256744501117
1.0489649717227456	0.11328545060683302
1.0449194535053878	0.11678440770198037
1.0157119935091532	0.11887707357484688
1.0499417671482856	0.11523187029351134
0.9620061523858006	0.10844503681840655
1.0072064271011945	0.11835377937823363
0.9737123064740318	0.12214019945847977
0.9589898219979768	0.12207438836497536
0.9810259970038487	0.12228629994055806
1.0409576858329825	0.11854961555034771
0.9587739008083537	0.12733611011935983
1.0618562388383328	0.11834322900685156
1.0248306103003295	0.11524869968416802
1.01670693746001	0.1189421150552508
1.0276933805433024	0.11750811751046712
1.0304247181435648	0.10853921699207511
1.1003955935423424	0.1186858803485565
1.0116116106151307	0.11439596971955765
1.0295960591319628	0.1136517915475037
0.9794684074165456	0.11703646306860789
0.9298427389867271	0.13198441346297293
0.9842315974662917	0.1223719540768456
0.9712065858478949	0.12210661768260404
1.070753005223849	0.11928846569730679
0.9448019048979635	0.1290232711582593
0.9281789714172464	0.11914600553162545
0.9926016997168849	0.11996972950615646
0.998074915670481	0.12022814685365446
1.0411699057803785	0.11856753018572115
1.0061256704986816	0.11407604818447639
0.9821539432646119	0.11955080038455974
1.0811397968386447	0.11632203419466156
0.9872636352227339	0.11974343579319222
0.9909232772267013	0.11989583269594656
0.9939196279495718	0.12002951513054598
1.0364596831666038	0.1161002179052713
1.0109993103377772	0.11857996832350444
1.0155164076420542	0.11886438361503616
1.0287589807842212	0.1175863694866331
1.0623587999985085	0.11839393909544425
1.0759532482158962	0.11989727242691856
1.0133872755198143	0.12109451035073114
1.063091511692817	0.11846840004150859
1.0147168008613234	0.11662545872133413
1.0242282217807408	0.11946075693143869
0.9897641006986888	0.11745718989615
0.9930639445455428	0.1199905222138289
1.0481176264109835	0.12147584823435834
1.0030386569152128	0.12048564574246975
1.0828522679041188	0.11854297582679581
1.0033917930973517	0.12050480816741166
1.0511349017260128	0.11732504302312019
0.9551268401944768	0.1221136223831796
1.0373124651426815	0.11824831129150684
0.9600509933854731	0.1220679931281124
0.9537956396686473	0.12213313058599377
1.0131839794137825	0.11871546118791661
1.0216809982782513	0.11927968874570558
0.9735294367098233	0.1192798618564245
1.0198597390181097	0.11915366009599006
0.9677693869189261	0.12207492535677456
1.0441764977859178	0.11672200076572248
0.9893737618778794	0.1198298440024324
1.0134427756203308	0.11654556537849035
1.008930123991055	0.12082015378119366
1.0110341495603272	0.11858209897600283
0.9914470572191917	0.12261067088363325
1.0045540635558263	0.11820233685019509
1.0026025614633174	0.12046213677466928
0.9817310900689323	0.12230403722727863
1.0422970779932632	0.11866338686325947
1.0037799846398667	0.11815917358812933
0.9320895798806218	0.13145158959633896
1.0063819039918234	0.11830611173551193
1.0448833150659649	0.12116273763045683
1.0277436914879705	0.11751179171735847
1.0364332517057468	0.1181774102946651
0.9574448598006338	0.12208703636409281
1.0469160407204436	0.12135760896204183
0.929347531073244	0.1321063559488275
1.1023289672493901	0.11896194668053056
1.0445899858942589	0.11886212382062196
1.0241408367341684	0.11725371189531426
0.9346182082041432	0.12280453646765582
1.071314853780043	0.11724970252332875
1.0347280384327084	0.1180418099418601
1.0016129261096125	0.12040942253921363
0.9900262345291673	0.11985736912656561
1.0278370466023214	0.12212030886915005
1.0268033713689841	0.11964963874945703
1.00004165047364	0.12032753267712797
0.9769035159383791	0.12219531643875835
1.0179440270600058	0.1190241294056506
1.0485900807216932	0.12152300167500427
1.023375171372772	0.12177971631996665
1.037253408542042	0.12048063640519244
1.0130949347743687	0.11652395678492486
1.006542856886039	0.11831537490966108
1.0376020140635813	0.11827180940524044
1.0208208553196667	0.11921981485134497
0.9834306724979236	0.11959671971468507
1.0240206734656883	0.1194457910119836
1.0175857171849843	0.1168097051644205
1.0246995858348158	0.11949488757198792
1.036385783536988	0.11817360159523192
1.028873726897955	0.11980586349311834
0.9794316398183497	0.12224851753246578
1.035003840220767	0.11806357269448595
1.0046039977825258	0.12057144366228574
1.0579327659379019	0.10898113594441484
1.044359651540728	0.11884192847557012
0.9890960347701029	0.1225260310344395
1.0471650449192473	0.11697586119234517
0.9763738312330172	0.12218522839313192
1.0119952385806088	0.11864125951372786
0.9916933625802568	0.11535766593100825
1.067771034721537	0.1168851440591927
0.9685968330945858	0.12208100347382145
1.0407991234503988	0.11644402552206015
1.0989284847638363	0.1164546564943841
1.0023529787277128	0.12044875936049283
1.0010112254564836	0.1101016823998439
1.0491128530137803	0.11926963954424301
1.0469013195508572	0.11906772402861324
0.9577875130673783	0.1220838858487234
1.0161347606261848	0.11890461096561317
1.1048699794315489	0.11934086194986838
0.9513631697179118	0.12811729605042446
0.9805842440537947	0.12227550743442436
1.0047220145791362	0.11821176345863058
0.9869754967881589	0.11973194658975413
1.0235521203654534	0.11323730023958753
0.9906911339666084	0.11988580988560335
0.995943762776154	0.11556424916408879
0.9944650283550903	0.1176759505453948
1.042132403865912	0.11864930809321808
0.9886758648977763	0.11980082412490742
1.0193346209412568	0.11911784680297892
1.1004041740271748	0.11868708436963188
1.0387265794490623	0.11836377749756304
0.9736943497795464	0.12641055553161534
1.0088329989129252	0.11844938419725899
0.9730476444391769	0.12213044848106215
1.0210790229684659	0.11704228197684183
1.048880830062172	0.11712506725581046
1.1230315149079082	0.11780316411357566
0.9426979627539873	0.12936082973281554
0.953960496423028	0.12213054375702205
1.069749468752599	0.11708700501528209
1.0125270570685923	0.1186743149398546
1.0206526766760526	0.11701340665101535
1.0053328339520535	0.12061214869689058
1.0325129023986834	0.11786935370196468
1.0261410093070915	0.11960048685313174
0.9849705304938473	0.11965406868814261
0.9936588798461431	0.12001756389492836
0.9728629166493555	0.12212784584297873
0.9993772341891587	0.11792248630049865
1.0505975788055821	0.11940818583862277
1.0143564379290146	0.11878976686734102
1.0684186720481064	0.11501477041870857
0.9958698028547893	0.12012082115210469
1.0293367344424695	0.11556695122306129
1.032595158354977	0.11787568406623504
1.042064145593623	0.11864347989125418
0.9888916892476802	0.11980975194826857
0.9745627996420495	0.12215355333988977
0.9372412500507638	0.11897205022363451
1.029293935700627	0.11983805740469355
0.9579800754005705	0.12208220217533465
0.9709635816822682	0.12210382490831127
1.04055941131643	0.1144663041914792
1.0822194479896434	0.11846708165981877
1.0089567811118825	0.11627354547400612
1.00525322557542	0.12323806274737915
0.9906527993949796	0.1225813440433248
1.0133380204373499	0.11653904856993637
0.9934385062538799	0.11762675135502913
1.0068619343499123	0.12069911807934675
0.9444394344721019	0.12236391056523385
1.0077025078005146	0.12074783650893696
1.0157432954387162	0.1188791074179756
1.0701703450079996	0.11922316705444994
1.0042399334927372	0.11600289533543508
1.061765608911254	0.1143898481842574
0.9613997164153169	0.12206250656472671
1.0471767966463088	0.11697687443539277
1.0067926972086827	0.11411391269351577
1.034468174677947	0.11802136412997173
1.0139894037646517	0.11657969988793594
0.9696364232403096	0.12209004332897565
0.9994547282190915	0.1202975114984515
0.9618794686970844	0.12206125791448498
1.0072102655707456	0.11835400253767416
1.0040829614798015	0.1205426392156197
1.052549494292902	0.11545666205010405
1.0039716701954347	0.12053651853796014
1.0175587722657609	0.11899845199702618
0.9735559701558101	0.12641571406740507
0.9834075647914482	0.12234871379965147
0.9466163942766531	0.1287510234019245
1.0022613177464186	0.12308326839189745
1.000212162243462	0.1179662240940536
0.9608982291178606	0.12715485406912252
1.0309688706469102	0.11775156495811415
1.0388778329472061	0.11837623330875033
1.0222018884304025	0.11314792688262333
0.9744563368162824	0.11930565770496174
0.9935888510895555	0.12001436448867281
1.0191689293245383	0.11910659491213693
0.9934916050424925	0.12000992885296939
0.9218300061010174	0.13416617363547284
0.9642749177897653	0.12206043248688744
0.9566747679801859	0.11895771387826505
1.0021035273727616	0.12043544499128517
1.0775434030596	0.1159360732013629
0.9278933744114732	0.13247401682168922
0.9814957752288015	0.11952770780664645
1.0125659009951917	0.11867673823163992
1.1061329742833588	0.1173881766272357
0.9629018561896748	0.1220598109150594
0.9835413355118361	0.11960076955393883
0.9918567772281554	0.1199366222529078
1.0421685456374543	0.11865239582561632
1.0020679021683248	0.12043354807663685
0.9704582540669724	0.12209828339142023
0.9976158447440966	0.12020544580114258
1.0405975856392742	0.11851931303293702
1.0500939826657016	0.11524484332981572
1.0163502176418058	0.11891870164459775
0.9693626966323275	0.12208751254708412
0.9723836504846294	0.12212131242145866
1.0374512221442949	0.11617748221086506
0.9773267938108242	0.12220364338725698
1.0171620860310926	0.1189721418142329
0.9656777107042487	0.12206405107432815
0.9607577421707572	0.11647959812218929
0.9695034568402685	0.12208880057560363
1.0299096329562143	0.12228673209923496
0.9691879983293472	0.11916993347292267
0.9297665793381876	0.13200306037894616
0.9770933622505379	0.12219902210325664
1.0674470914186718	0.11685248075066851
1.045675587351521	0.11684839625635343
0.9503660893988476	0.12824130952636192
1.0053288481339517	0.12061192478032023
0.9942350411689581	0.12004405287386877
0.9930391235699306	0.12267169276785861
1.020759222946712	0.11702060989501976
1.0209609733489533	0.11703427304332385
1.0059470594782165	0.12064682748492017
1.0505891152759341	0.11528716876826732
0.996933701010074	0.11779754872557793
0.9499131841531214	0.12829920666901265
0.9833124023649046	0.11959240375951269
0.948807716214705	0.1284446992854179
1.0070859364588638	0.12071203766577103
0.9769996624359444	0.10730226950824293
0.9887452273034304	0.11980368883298083
1.0269742261775947	0.11745581712433827
0.9636772933061891	0.12205980359838614
1.0090603378557392	0.11846291294912052
1.0496138775656205	0.1216265350275327
1.0208734017004852	0.1215984969421227
0.9857516888980229	0.11968398033966951
1.0296523689148938	0.11765267661995561
0.9523062006397653	0.11401792257564049
0.9912019873966281	0.1199079295906305
0.9650362171725184	0.1220620257580621
0.967691375714099	0.12207440381049814
