mu	sd
0.9734389928385296	0.09735410697283345
1.0171943308188909	0.0917637250400244
0.9926523399890732	0.0948440037331945
1.034868054350634	0.09017868239915734
0.9998951463189635	0.09273201773822429
1.0493315445429308	0.09392986856230656
0.9931331422670658	0.09305229597110601
1.0000116119936804	0.09272928220830039
0.9645159175842192	0.10109889285234643
1.0009487235980308	0.09446881486390483
0.9914910308614102	0.0931762980163612
1.010455676192041	0.0912383597544182
1.0024707947744373	0.09269424552938729
1.0016088951243476	0.09270156024593099
1.0581854965770587	0.09528731709458303
1.0377766629738596	0.0922732953256168
1.008054105237627	0.0911335070949883
1.0005475618558093	0.09271794085480627
1.04136567212241	0.0903535781022387
1.016589847035606	0.0886852550957558
1.0419097215406947	0.09485466407752007
0.9778985252070822	0.09851758197943959
1.0130991823395443	0.08985489972244091
0.9637684105750118	0.10126410990586045
0.9716906960978039	0.09961917307532159
0.9841542860654704	0.09569905878447281
0.9910572756244124	0.09321194410701979
1.0343238797623655	0.09148370499115399
1.0059649823631511	0.08953864235587368
1.0259283348965444	0.08848769706349174
1.0314918246038063	0.09089235564663409
1.0084496920691426	0.08960621437299106
1.0260168521923965	0.088501826105526
0.967876718189672	0.10038079605166823
1.0645853694873848	0.0934698022321361
0.9769004841959342	0.09675695269426636
0.9761325285448885	0.09881222812953022
1.0010932020977636	0.09270850714006543
0.9815813248986013	0.09427287332017267
1.065934895334061	0.09652901479708849
0.9503034390696221	0.1045195147537048
1.0225214416094144	0.0908501514587834
0.999075653895417	0.09275398786814584
1.0160580824579317	0.09165120059631485
1.0346913887392157	0.0915642147629547
1.0498009438242488	0.09406990123435319
1.0276450728990947	0.09166256262379752
0.9974999683799973	0.09456618519910073
0.9865767390226641	0.0954103358294687
1.0466448888938726	0.09462111520462795
0.9961983025730726	0.0928683682907365
0.9923399233204518	0.09311001812448043
1.03715064767288	0.09364616749650193
0.9886164354433794	0.09519437782605167
1.025870810432799	0.09136013550905776
1.0117569354792517	0.09131320614331685
0.9938495635527514	0.09136705077982732
1.0020642322153246	0.09269702426673607
1.0088689411205816	0.09116425775094474
1.009187139617236	0.09282508754997551
1.0226793039040598	0.09244252427263143
1.0309922590513625	0.09229248380077665
1.0287839948735786	0.0903762707226287
1.060853925431147	0.09764237840421185
0.9789622958017896	0.09642840149768737
0.9645892674631918	0.10108278468655994
1.01470589059308	0.08997813986288554
1.0121879819315707	0.0913408031402725
1.0158711339237823	0.09163361607455327
1.0085309350274079	0.09115090181274463
1.0727332523983053	0.09895948182260542
1.0081111126506617	0.09113549769861508
0.9980080664339122	0.09278970946495771
1.0470609487609355	0.0932674191769143
0.9852002279712176	0.09747564506012332
1.011236749329108	0.09128176106604842
0.9797557735654975	0.09630765365497895
1.0037298084305788	0.09445341849274343
1.0338136854232054	0.09137335892391635
1.0627975014042774	0.09684340491527633
0.9845604336091917	0.09564827213091018
0.9961206355184054	0.09462878680050281
1.0152597865635387	0.09157794732605748
1.0218986592733204	0.08929094711595731
1.0141409347282702	0.09148334869622482
0.959348008233512	0.10227825893597106
1.0637386131355084	0.09444555589832013
0.9835568267677408	0.09577547521135871
1.0223867764266759	0.08665332126694789
0.9870857127507148	0.09535408037711665
1.0052071604598827	0.09270704180412814
0.966428372089735	0.10068515749706684
0.9905698073834598	0.09501174707774479
1.044208241111467	0.09247162126952534
1.0263619749278445	0.09302247421012481
0.9619706867199638	0.09784895739937524
1.0096648884558004	0.09119907603669743
0.990143594250768	0.09504953597879381
1.0088232475145757	0.09116240243653186
0.9751745960723964	0.09897847137781966
1.003661633394561	0.09269304662177529
1.0495284284678161	0.09398847722184694
1.0197720547729123	0.09049213834768524
1.037095852439515	0.09211179439145092
1.0241153621038541	0.09108282366754916
1.0005371493014263	0.0944759253009147
0.9830872798378361	0.09583694337957424
0.9972430437873447	0.08965116003320302
1.0413504344749145	0.09316621120870577
1.0193545644553796	0.0920043429756829
0.9985064828180917	0.09452895983795892
0.9879217666142938	0.09350455773349875
1.0315838101513826	0.09241172854895603
0.9781018982770986	0.09656294383852419
0.9933481334045835	0.09479431497930606
1.0010266191419857	0.0895367938981717
1.0048174179447662	0.09270184706828836
1.002108602075854	0.09105718526030436
0.9798311736526888	0.09629634816980387
1.0013545028644808	0.09270474743458934
0.9925488180730041	0.09485167129329723
1.0291362271596904	0.09193370248555136
1.0528517144817762	0.0950046895253665
1.0386728945000587	0.09249015564238522
0.9764309013037513	0.09683468717908296
0.983234949052682	0.09581747896987372
1.0324160958312811	0.09107963630482477
1.0008809627034572	0.09271192259505372
1.013207546664996	0.09306595904690967
1.0026813143507065	0.09105334473493856
1.0047047768743502	0.0927005554283403
1.0306008239958102	0.09071713802884426
1.0060981573440997	0.09272315866530526
1.0060322744651562	0.09272176441477169
1.0198110280169674	0.09049682705171326
1.0074548627275388	0.09111404310285609
1.0370274550606908	0.09209572494170722
1.0097954210600828	0.0912052379475542
0.966094710409496	0.10075638880062464
1.0368883147474899	0.0920631231000156
1.0167832719821281	0.09016591758402742
0.9938637959634183	0.09300276918403294
1.0373479374146413	0.09369353895960475
1.008218308229866	0.09113930623429849
1.0098778867238853	0.09120919650941665
1.0517226388670062	0.09465383420605593
1.0223740525546963	0.09239888954546004
0.9836487697139765	0.09576358398940928
1.0166467685962486	0.08869065942064087
1.028526758642538	0.09182102422241081
0.9959996578430825	0.09652989018761653
1.0149825650556077	0.0915536303447621
0.9982684705437492	0.09278025981355233
1.0257127063010194	0.09133426185829305
1.0388434104310658	0.09253195812146202
1.0273116868158527	0.09160405281742919
1.0583665816519103	0.09268163542529688
0.9959471022545004	0.09463760212319745
0.9916845414012009	0.09491844030781862
0.9880910825738314	0.09524756954958316
1.039100801852581	0.09259538478107038
1.0079823186066574	0.09277678939740312
1.054595800515313	0.09412999247236638
0.9839739610525916	0.09395645042584808
1.0330216780282055	0.0927112944032315
1.0609735469611246	0.09768366624858942
1.0233990966599376	0.08679105391817449
0.9874594887410855	0.0935527710714006
1.023361139010227	0.09254245893950298
1.0041419337449504	0.09269550705913035
1.0154089961871111	0.09159127488273214
0.9843785029581422	0.09757784697470956
1.045451187323277	0.09427994925664801
0.9794971090376257	0.09826457159934111
1.0191225135476798	0.09197682370549423
1.0241130913736456	0.09265661102369031
1.0056700839896875	0.09271467767632124
1.000165370951848	0.09272581872834137
1.0048620118510572	0.09270238438598853
1.0377373941501422	0.0922639037721096
1.0485753466706262	0.09370647557764865
1.0371425919171742	0.09526562929443884
0.9732321094623666	0.09739151614430179
0.9892885945697524	0.09512882174433865
1.0328932845295762	0.09117850655555122
0.9739542930108472	0.09547441167390021
1.021292783137129	0.08921149549968024
0.9802026058248442	0.09815718765856368
1.0304681942414742	0.09218880976037866
0.9733912240553189	0.0992995371762879
1.0032706646829124	0.09269229570309426
0.984849927000868	0.09384846310544039
1.0683820150290755	0.09739028703534601
1.031571616945637	0.09240924697916324
1.0149790323779766	0.09321119970290177
0.9796098120145612	0.09632962267863786
0.9982056891387613	0.09278249471646183
1.0211885689275548	0.0906697028829245
1.030303548391732	0.09215662168974233
1.0056442238169536	0.09271420907464867
0.9947268150875503	0.09294882168436909
0.982128249298744	0.09787784520086022
1.0264808707166586	0.09146162674898381
1.0509332655554375	0.09300308821748503
0.9870017111222377	0.09360176832294602
0.9828015493473926	0.0958749506982289
0.9775601262869691	0.09664955552617327
1.0485914192961168	0.09231342870098452
1.0283089183014	0.09178137155529435
1.028218031154637	0.09176492476869963
0.9862973039191845	0.09367957409664285
0.9746267328528587	0.09714301103014017
0.9786185485858928	0.09840197896432314
1.024550563564787	0.08966957592929055
0.9966558134905986	0.09460291807880604
0.9619674630942672	0.10166985211345837
1.0328814921362983	0.09268148653652306
1.0140805815640002	0.09147851369202506
1.0147032937972118	0.09152971832717605
1.0026110481420232	0.09269356596410179
1.0264123436689192	0.08996506683134105
0.9770080372989822	0.09673929767448666
0.9977523684276571	0.09279944848147363
1.021374869317974	0.09226085748371034
1.0244337882391057	0.09113149446338743
1.0110482095386535	0.091270865565157
0.9937454934150454	0.09301054960588855
0.9821473719964573	0.0959636675005986
1.0093925216586057	0.09118662893459833
1.0072249611338473	0.09110728271358691
1.0346192596060952	0.09154834612722752
0.9766559629725224	0.09679729866713419
0.9999840544988233	0.09109184671227917
1.0664705566025279	0.09289418169047879
1.0049606016757566	0.09270362461145715
1.0302019353765668	0.09213684817869154
1.015474301064842	0.09159716067530912
0.9975269332273596	0.0928084119843422
0.9737085435007498	0.09924133110440404
1.009198095367147	0.09117808275311165
0.9907951497777665	0.09323406425318362
1.0035094285414883	0.09269262093418858
1.0007317307504502	0.09271451785218658
1.074945083540809	0.09580034482856135
1.0230932646690738	0.09093151635179994
0.9960590000319224	0.0928753557205613
0.9673729231610185	0.10048576176639523
1.0174385153849845	0.09023178737629306
0.9871272733021613	0.09194847142408574
1.0467313212627274	0.09464610487181374
1.1327494857746094	0.11560450278875244
0.9950539888470672	0.09292967023077459
1.0269409138283427	0.08732863698738348
0.9974830799203735	0.0945668709840221
1.0083344135168273	0.08678764115914459
1.040988869042979	0.09162517174498931
1.0278629921438545	0.09021200205616334
1.0133371528794721	0.0930757729340256
0.9838471401647629	0.09573809081673659
1.0273282966528536	0.09011929635943944
0.9732504058221645	0.09932551450246606
0.9865863896090398	0.09540925472117592
0.977736140891622	0.09854402072484614
1.0009487235980308	0.09446881486390483
1.0085309350274079	0.09115090181274463
1.0407326411599864	0.09300653810654116
0.9959289938994713	0.0928819961099699
1.056340805998887	0.09204133440978575
1.0284340950191897	0.08890834608359362
0.9797146568833055	0.09823117540752377
1.0348679714320266	0.093115836629302
0.9744727893651401	0.09910304876564316
0.9895126052380985	0.09510760241055587
1.0027840703253121	0.09269292521413383
0.9983834822349208	0.08960637147293958
0.9936828637837293	0.09301470600326246
0.9822426746134595	0.09418232771448821
1.010616941277449	0.08970221109756744
0.9954763612212899	0.09290601107892622
1.0005708720057016	0.092717494175528
0.97167013562728	0.09962311568177505
1.0247820249650403	0.0897049893629041
0.9891296071252766	0.09514407298757212
0.9887634125868667	0.09517980240684053
1.0131355674780609	0.09306056409727928
0.9949086589836496	0.09130147600703657
1.0184938123491747	0.09190428491343991
1.0580022839258818	0.09667361177819793
1.0083240116947154	0.08960171004602913
1.0134684693020541	0.0914310254963923
1.02036884468336	0.09056515685740069
1.0237227132181386	0.0910238088512448
0.999881171488992	0.09273235246375142
1.0027267158448496	0.08807507187598411
1.0260054209403147	0.09138230379548036
1.0316710711444972	0.09092823802966553
1.019856438649254	0.09373468571734751
0.997763619354694	0.09116190634049336
0.9964560416313842	0.09285578944484876
1.0465768311406147	0.09460146513544253
1.0779613236219159	0.10239971365270242
1.0169338392210039	0.09173707167035747
1.0164066271107957	0.09168468642204051
0.9959568515959892	0.09288056352443849
1.0028618005438767	0.09105262274743312
1.001956791953368	0.09269795914828914
1.0013472274981494	0.09106592416624967
1.0611542139854435	0.09628056638313641
1.042287385101617	0.09341250543783922
1.0227177926117113	0.09244807469748707
0.9814121001904982	0.09797934731054714
1.0013900053921676	0.09106532362552888
1.0632102040486315	0.095589992123956
1.047772442397316	0.09347229844926093
1.0215857131894794	0.09072211805640518
0.9767977992700052	0.0967738606688419
0.9975626756153977	0.0964584967641514
1.0093104392751013	0.09283064925238203
1.010682923525085	0.0912505150789287
0.9756488977341503	0.09518379638117025
1.021140129923687	0.09066338858296782
1.012208557205907	0.09299461617310922
1.0077760225313173	0.09112414315722112
1.0111930538959784	0.09127921220363483
0.9930014326555039	0.0948186712146438
1.0022768282003058	0.09269542134381574
1.0109520214946475	0.0897201533754024
1.0282873881961998	0.09177747033387502
1.050829103356482	0.09297188556125144
1.0332063210809346	0.09275075224640668
1.0037670298120027	0.09269344114445204
0.990820218199635	0.09499008789707568
1.0516213836543755	0.09321042436913794
0.9708314280666196	0.09978549435126155
0.9969475902669348	0.09458965628240824
1.0216340029292394	0.09397029665336162
0.9779376741411142	0.0948120470587778
1.0056113128855335	0.0927136199093415
1.0272450829514317	0.09159245671056553
1.0140998229164426	0.08992939791661457
1.083922470632874	0.10317567736265162
0.9907913252825236	0.09499256640500765
0.9960796607900061	0.09463084945009131
1.0096580196037832	0.09119875531534663
1.0170075434086785	0.09018810497344693
0.997328681758731	0.09457323378055289
1.0284870622793787	0.09340146527080444
1.0182696772031739	0.09187913876294046
1.035739338333524	0.093314391460224
1.014549812889641	0.09151682679106692
1.0044592084624147	0.09105649759123155
0.9726405305440112	0.09943905365757116
0.9933698028589618	0.09479281932154311
1.005404495485732	0.09271010197259742
1.047637011982171	0.09648111461988723
1.0171074705597571	0.09175478095693124
1.025432217806115	0.0912887958300238
0.9917415297404288	0.09315625842239547
0.9866688054727485	0.0973030757245034
1.0214465971444056	0.09227052089039772
1.0211032312016814	0.09065859011393021
0.990013306693159	0.09330261026371729
0.9688662246803913	0.09822288484689833
1.0094242906948745	0.09283588699654428
0.9900231862513483	0.09506042151321581
0.9853384167297593	0.09555364419495192
0.9897004707591919	0.09509005067571044
1.005813515838732	0.09271736717383641
1.0149644219188017	0.08999976259741989
1.0005172596777476	0.09271852733392848
1.001996496136646	0.09269760391181675
1.041595488081661	0.09178033066926558
0.9931795306894132	0.09304904729692959
1.000801015158887	0.09447122458853624
1.0088087167741917	0.09457507782895422
1.0237132047708464	0.08954462016460707
1.0636533365407084	0.09714002853671279
1.010770189265717	0.09125528575872591
1.0100474583706416	0.09121749628556629
0.9666471671286638	0.10063867190757479
0.9868324557645041	0.0953818775904897
1.0305726901070968	0.09071169113139435
0.9671441682964579	0.10053374353612447
1.0246321706296124	0.09273781262596886
0.9782713255442923	0.09845739405657745
1.005442095667862	0.09106810965199086
1.0174903502288786	0.09179463150974154
0.9685249289897572	0.1002471909593969
1.0129801458201386	0.09139516326813629
1.0212917028918806	0.09392307714586176
0.9823969935625924	0.09592953714099474
1.001671923854059	0.09270084285644507
1.0165846076412974	0.09336353074768967
1.0112022524626478	0.09127974758769432
1.0305803897400103	0.09380581734479324
0.9883441377800244	0.0952217350164458
0.9828112367756401	0.09587365466907825
0.970849455140842	0.09978197261974225
1.0330905863954842	0.09272599380768647
1.0076200116870322	0.08813087868523023
1.0051578389947127	0.09270632213467395
0.9895027957682316	0.09334942596001154
1.0343718708668077	0.09149416979101166
1.0013812277662177	0.089531151247107
1.0196105631151666	0.09203516798059203
1.1143331940704975	0.1136115106269523
1.006715828981871	0.09450121605589412
1.011250014687342	0.09470374400254958
0.9935274526088428	0.09302513155509838
1.0403947641428095	0.09292013752694164
0.987138770353277	0.09534830583266493
1.016474518611512	0.09169131520372929
0.9931051069567	0.08988605199549957
0.9570683108408756	0.10282397149086918
1.0092461207757961	0.09118016749804486
1.0445995468342053	0.09257829697636391
1.0480976162294817	0.09356676214654566
1.002012845598395	0.09269746095525762
0.9797323609765568	0.09822846868776251
1.0208972884531435	0.09219748645452008
0.9913217075784987	0.09319007061124861
0.9986475601095712	0.09276735136766706
0.9787320728438582	0.09468883919051296
1.0122894888921237	0.09134750513866996
1.0100887175867002	0.09121954829552938
1.00254091758622	0.09269388785042561
0.9951236055347928	0.09292568791182512
1.0163827844886013	0.09012722439960902
1.0091776567151813	0.09282466456883627
0.9957479286809079	0.09289143597417072
0.984872181426354	0.09560993261705925
0.9725121817653557	0.09752314620616069
1.0300955488953425	0.09211622088215048
1.0054742919146915	0.09447316889569694
1.006142868919952	0.09272412333197694
1.013503214442074	0.09143364555318584
1.001835358298216	0.09269911654832715
1.0222852050088838	0.09238631775341848
1.019240878003011	0.0919908105431893
1.039423191632111	0.09267538007722187
1.0024100278902135	0.09269458444547328
0.977824950633579	0.09852954444903611
1.0051021762111818	0.09106329448507663
0.9903659700126374	0.09327121702474492
1.0188592006001314	0.09038551090871053
1.0260485906881416	0.08990543060630643
0.9944994397050388	0.09296255359226974
0.9994829699381994	0.0911046626018175
1.0088865725549137	0.0896227763859732
0.9973672795210764	0.09457162741216082
1.0349296536617396	0.09161686705946129
1.0246758942387078	0.09274474178740506
1.0040622453479426	0.09269498129026503
1.0019811175335485	0.09445643385585964
1.0001353360919645	0.08955485574414532
0.9964990980886592	0.09461028664611121
0.9901578544232399	0.09694680823795218
0.9822800474460619	0.09417728041407566
1.0086283579423496	0.08961281770915148
1.0138756740648984	0.08991206289819705
0.9802531496155169	0.09814959671291719
1.0159178587449418	0.09163798641761334
0.9909598651682892	0.09497818443615447
0.9968107015484885	0.09120237940520734
1.0016129409145338	0.09106240471382056
1.008380295983928	0.09114522367048832
1.0684330037189016	0.09883759822762594
1.0055266951012318	0.09271214210852334
1.0105720026956444	0.08824819164220081
0.9915102596722953	0.09682979202852694
1.004719470524821	0.09105888516425113
1.0058041091452474	0.09271718609196018
0.9983242791800182	0.0927782962717372
1.033245739348838	0.09275920481653606
1.022609561343941	0.09243249446242513
1.053291826159538	0.09514296851650238
0.9878813809108833	0.0952692765091731
1.0069951815069482	0.09110091704637066
1.0306742280099226	0.09222934757030793
1.0616204917691785	0.09505253824377605
1.0328100903092752	0.0911611630320636
1.0195045908132263	0.09369087534893701
0.9739898512617329	0.0991901168412188
1.0050263388641825	0.09270449160492025
1.012763948172317	0.09303333966697841
0.99722736817759	0.09457750014362726
1.0134860297222883	0.093087204237962
1.0201397904304779	0.09377064749126918
0.9783904691637918	0.0984383091122712
1.023979717705793	0.09106231133296602
1.0126427105727283	0.09137143056745427
1.0103317851918878	0.09123189591940095
1.0283041336079475	0.09178050429901988
1.0019077488285013	0.09269841371988524
1.0131931494447417	0.09306487678975336
1.0066427816986125	0.09109191309463331
0.9980429385856232	0.09278841655699493
0.9935622457911428	0.09302278367496546
1.018036325573291	0.09185335795734277
0.9737122269837206	0.09730498859679848
1.016221770716248	0.09166681296241858
1.0007395899633769	0.09107585711594574
1.037910909292391	0.09383003838021851
1.0259751199232878	0.09295694285345381
0.9819752548320352	0.09598739924006254
0.9988057477537187	0.09276226309586603
1.0217864340098353	0.09231682133934817
1.0529652090385102	0.0936212616777208
0.9909273743873757	0.0932228518321058
1.0548342738699374	0.09420530867834162
0.9969693205498213	0.0928320952861138
0.9756869113382541	0.09888901106648704
1.0225957361527764	0.0908605891787526
0.9708906568812834	0.09977392870504984
0.997531333277391	0.09456491691091395
0.9737111016246965	0.0992408637381835
0.9962893656989696	0.09462041581922331
1.0203802844550847	0.09213078917176461
0.986031361126936	0.09547233393842884
1.0047012082041311	0.0944615939248901
0.9985646042417343	0.09113269489764747
0.9618063652114527	0.1017066595980164
0.9836705442579229	0.09576077481314497
1.0071817260145493	0.0911060551026363
1.045801118795011	0.09021451000529207
1.0314046301502555	0.09087497708906633
1.0057523756661153	0.0927162019905669
1.0014237791543683	0.09106485868465397
1.0408805619996342	0.09304457050773626
1.0164417411952908	0.09168811056316459
1.0000954770611594	0.0927273722236769
1.0293572216982596	0.09356584270783871
1.025792781835769	0.08986404320100479
1.0291650735970765	0.09193909892621913
0.9888549669160129	0.09517079106862057
1.0141401879264593	0.08993255932099035
1.0600941838466356	0.09592234029514929
1.0349285082045694	0.09474131122897873
1.0299105482726876	0.09058502043828669
0.9700271146884468	0.09994401328834993
0.9946099683790687	0.0947124859339139
1.0260577331050773	0.0899069182018145
1.0359397585617651	0.09184403486132471
1.0178102580941082	0.09182877068358862
1.0688076819743368	0.0989734368388983
1.0122922812251218	0.09300030307578419
1.0293984251758508	0.09198296292169646
0.9903001185732612	0.09503552338300363
0.9721581761017417	0.09953002785608318
1.0188455004561485	0.09038395736319599
1.0023353081757187	0.09445399263351488
1.026300956717189	0.09143142287927875
1.0056700839896875	0.09271467767632124
1.023737971392812	0.09259914944282005
1.0334816311834567	0.09130243417880252
1.0074438136137993	0.09275874175461134
1.0174856487742834	0.09179413551024487
1.0459945606832208	0.09443432750526942
1.0019824826284935	0.09269772798634476
1.0283160955834107	0.09178267278063981
0.990396438032568	0.09502697825304937
1.0077342353856105	0.09276820394782626
1.0305703482691688	0.09380380519097818
1.0097129740114588	0.09120133113409735
0.9998839177760693	0.09448973969938879
1.0392325478654574	0.09118764869746245
0.9898305243334503	0.09507803079422028
1.002898665617364	0.09269262111990284
1.013226744036072	0.09306740459855924
0.9967294840142994	0.08967418852711742
1.0083913986537978	0.0927919594231977
1.0181751489328783	0.09030963298033944
1.0077082544157674	0.09276733162398859
1.0114059230251329	0.09294280880254116
0.9656301852000977	0.10085623565259823
1.0407151015975549	0.09300203678454322
0.9744105621720237	0.09718095988440639
1.0126609340543609	0.09302597949372791
1.0040481838941093	0.09269489337387982
1.024664511845581	0.08572364432500407
1.0541072092379036	0.09397640423719426
1.036403559083706	0.09195046666726923
0.9941644215880396	0.09474015125372694
0.9914747945588225	0.09317761073765149
0.9914293463591379	0.09493909026275398
0.9686440777470301	0.10022281259850728
0.991756765570999	0.09491267313833544
0.9700606601404818	0.09993734802720458
1.0379436729554872	0.09231334134807449
0.98952600301213	0.09334726274870606
1.019262189982339	0.09199334003009721
1.0092072425943632	0.09117847849929736
1.0056301188559285	0.09271395558291966
0.9721222343949292	0.09953684775000285
1.0262786599099305	0.0930082704360097
1.0002065980753425	0.09108671940738217
0.995116643778834	0.09292608468132793
1.0230052904922184	0.08944285949342642
1.0713385138680336	0.09990070739340261
0.990983046769748	0.09321816397564384
0.9812985154012495	0.09608226671625425
1.009522958137567	0.09119252066659282
0.9818257343608515	0.09792037292138048
0.9948267465507371	0.09469951359666415
0.9945280790006977	0.09471746959321808
1.0583278250728048	0.09678266696093528
0.9777700650789003	0.0966158212082045
1.03452313955507	0.09152725051933916
0.9854736590809265	0.09553755341692909
1.040677524211991	0.09299239894396973
1.029882975254053	0.09207523543261271
1.015803613559021	0.09328697640143595
1.024733953563373	0.09117803809167856
0.9915449070349359	0.09492968674092529
1.016736887205206	0.09171725774870026
0.9967556270959131	0.09284173998562913
0.993203196228665	0.0967004858872643
1.0035351834480404	0.09269268100739772
1.0148056608909632	0.09153841515085044
1.018329905401798	0.09355139986106203
0.990191756291753	0.09504520771069319
1.018373461232426	0.09189073578105131
0.9946485054087211	0.09471015641943276
1.0167556380261837	0.09171913159015452
0.9978476677268516	0.09279576551055398
1.0332629879176771	0.09276290667814545
1.0327126889238867	0.09114091468190996
0.9974684558224096	0.0896416109913105
1.0017886587941844	0.09269959008958403
0.9792204117675477	0.0963887687686695
0.9857030501138734	0.09551050608817037
0.9898021637371249	0.09697957339331771
1.0173751900525134	0.09178252989513362
1.0203926463746016	0.0890983402084787
1.0173522623721805	0.09022293487712688
0.9802906770148612	0.0962280892873952
1.0158337599542473	0.09163013216712439
1.027559286440083	0.09164743289628256
0.9776388904876762	0.09485917679119463
0.9791887620245076	0.09639361019763713
0.9415720550186075	0.10683706465714486
1.0027910857518951	0.09269290384212986
0.9901267373826516	0.09505105437692475
0.9977500441468126	0.09279953909561238
0.9924910387036319	0.09485598165470129
1.0067814348944906	0.091095346219223
1.0227264002145597	0.08940374972679739
1.012342526363812	0.09300374160928263
0.9874426087078211	0.0953155656423131
1.0155092922754643	0.09160032756000726
0.9673677257850812	0.10048684971419895
1.0278239258324935	0.0916942707967285
1.012704052035423	0.09302905034460708
1.0169712842725538	0.09018449256354073
0.9575829612524052	0.10269952828968702
1.039960470439406	0.0928100511686331
1.0241125554458	0.08564394037462697
0.9584876654822658	0.09381816603481091
1.0654138132734907	0.09501344504511934
0.960374383911142	0.09820085519098086
0.9888140088846747	0.0951748159570788
1.0104533815179102	0.09123823898768936
1.0186355299628205	0.0903603205867594
1.0107747828104143	0.09125553846273181
0.9972278730206684	0.08965181497229782
0.9676690514286937	0.10042394510115
0.9993130462971268	0.09274713426959073
1.0201274633558723	0.09376907037611001
1.0377054959661878	0.09225628183473178
1.0084221558126711	0.09279315102074329
0.9906564895119611	0.09500420395569767
1.009452759034929	0.09283721202933445
0.9808008556806863	0.0961535993096847
1.0087014469700528	0.09280429825422228
1.0022043976956252	0.09269593057708062
1.0254958219427261	0.09129905688671902
1.0140086384431686	0.09147278601811336
0.9999300843754275	0.09273118698035102
1.0629603005129835	0.09689964831582767
1.006842354615229	0.09274116063573545
1.018423010276433	0.09189630089646902
0.9926547474848496	0.09484382626104806
1.0708413778137305	0.09690416814241398
1.0172138650822364	0.0902088456832834
0.9753310561479243	0.09702084590085104
0.9951072258825854	0.09657841857472005
1.0324248940759666	0.0925852975486871
1.0209492317155986	0.08916761788954951
1.042454737157191	0.09345701591629817
1.0606093672467067	0.09755812725990264
1.042824150511355	0.09210081552769236
1.014028076659886	0.0899238086217776
0.994052342043708	0.09664295598488784
1.007819472746373	0.08958479603872081
0.9857134690935967	0.09374625220395086
0.9796741885331217	0.09823736874407782
0.9903025265886184	0.09503530902990032
1.0147777388893053	0.09153603515296238
1.0658035554275027	0.09648325531335576
1.0515012138338677	0.09458569310546285
1.0627302027469876	0.09682017983261167
0.9917519150779471	0.09151835772465375
0.9809965744617367	0.09435485007062712
1.0276761304889002	0.09017938083209057
1.003027318548427	0.09269239405453926
1.0064723646709481	0.09108788794390216
0.9846571101054353	0.09563632268230024
1.036029493475992	0.09186452320918878
1.001471998796179	0.09446156196779523
0.965128427720836	0.10096495993357434
0.9678763522392757	0.09842190913871007
0.9879320008982504	0.09526401195315563
1.0069383239441798	0.09109940220080369
1.0175467746018911	0.0918005971614794
1.002728547122231	0.09445236869610893
1.0386901840428984	0.09249438635597981
0.9920384377449762	0.09489050731383854
1.0061240424660851	0.09272371532605772
0.9980863880986439	0.09454362290308539
1.027450979434786	0.09321268698717794
1.0201373249612813	0.09377033196950953
1.02391894147196	0.09105316348189267
1.0328151311613412	0.09266742123032014
0.9792082389864628	0.09639063022110032
1.001762975418117	0.09269985725403827
1.0201548473588833	0.08906942464272541
0.9763564628933813	0.09877400830462812
1.0502211107615076	0.09568642260881029
0.9805386499879413	0.09810697765589921
0.9944654593303437	0.09472131128925784
0.9761605256868144	0.09880743630854308
0.9849180895645059	0.09560433413376823
1.0170206400693393	0.0917458965206688
1.0127374325793634	0.09137800612887385
1.015990298420587	0.09164479441516656
1.0369929306519046	0.09065564958121741
1.007925600544366	0.09277478567829675
1.0451663765432722	0.09135146547619268
0.9681024234495654	0.10033408859738337
0.9882380998664989	0.09523251243978552
0.9880838519032545	0.0952483135268136
0.9853810734161134	0.09745369162602602
1.031298644633502	0.09085392077223392
1.0001301626024992	0.09108844121132126
1.0074366482022286	0.09111349320605655
0.9763462861735743	0.09877573987457984
0.9982602003826989	0.09453740385301791
0.9994247808122918	0.09274404634579785
1.0339219376294506	0.08997525220776215
1.021084784167673	0.0906561949079487
0.9854036249647997	0.09554587254021293
0.970835830500653	0.09783816680287563
1.0244598006494925	0.09271063111976179
0.9906083329742389	0.09500838860913485
0.98740140343926	0.09355891925076558
0.9839293783821462	0.09572758746333247
0.9763157548102308	0.0987809378414885
1.0152644481332347	0.09157836116752245
1.0182138602542543	0.09031383481652466
0.9858768733773451	0.09549021673862539
1.0143510740676747	0.0899492729789957
1.0268869710602453	0.09004426129376779
1.001394172767189	0.09270421967814486
1.011998149172825	0.09298056024792482
0.9831865358010069	0.09582384694216277
1.0550520293107262	0.09570428933459933
1.0467155378432897	0.09316886109015322
0.9774429159410655	0.09666848376447108
1.0175497800227982	0.09024328824644028
1.0071066436550054	0.09110395611406105
0.9729660732609194	0.09937824005103214
0.9903916221149471	0.09502740409643508
1.0144893735598275	0.09151179888418993
1.0071512339924118	0.0927498502806336
0.9988373669663041	0.0945182963447574
0.9754626796401465	0.09892801125802993
1.0067150939454312	0.09273778847688054
0.9831623281226728	0.0958270359793889
0.9857972076460405	0.09549949354691818
1.0609536015351138	0.09767677846573915
1.0424521999924763	0.09345633994219651
0.9887031773155526	0.09518575957951858
0.9875607515822049	0.09530298643717713
0.9995016060469285	0.0927419744640819
0.9671910751483848	0.09675181453208535
0.9985801049943811	0.09276957459718364
0.9744549116715856	0.09910625252650858
1.0198288609869894	0.09206183902441042
1.0256558826936106	0.08984208178917348
1.0344246781528914	0.09150570166946284
0.9770080372989822	0.09673929767448666
1.0131651993947082	0.091408542330066
1.0119412699015409	0.09132483691997577
0.9835799619322435	0.09400641491856662
1.0433328917015028	0.09369312581435323
0.9956530986925227	0.09465301284372853
0.9694559184626146	0.09810609906506876
0.9980212155764797	0.09454601010051483
0.9735678244753457	0.09926708649618628
1.0383259311991988	0.08961191014517002
0.9894331197897348	0.09511509550712517
0.9783603967672322	0.09652213145159516
0.9776726967200874	0.09855438688455173
0.9750146077379069	0.09707545243086926
1.0027185968340846	0.0926931419952271
1.0034817606002053	0.09445246265497186
0.9979922512321325	0.09454708070505785
0.9983905780160243	0.09453287992506068
0.9931055179348472	0.0967074199220716
1.0011109949294668	0.09446635128941934
1.0226576571499058	0.09243940738976912
1.0122348680659963	0.09299639756326386
1.0055172940397286	0.0927119812129654
1.0056230665307901	0.09271382939525952
1.0329626373951946	0.09269872478201979
1.0090174826818372	0.09117039663684003
0.9887658219617522	0.09517956459287241
0.988054152463546	0.0934909863273385
1.0329492109719653	0.0897719588174357
0.999712131945435	0.09109858340309913
1.011798401607328	0.09131580023284326
1.0201495685220263	0.0921016653684448
1.0080075678481433	0.09454284603799222
0.9817351938442936	0.09602076834653318
1.0134893159003757	0.09143259640344228
0.9918626938780664	0.09490427631675209
1.0448869012144468	0.09265714430887916
0.9929412433125039	0.09482298121045843
0.9883739598933151	0.0971193383061346
1.0053786494898218	0.09270968469754784
1.003469604212713	0.09445242761207188
1.0171753087900182	0.09020494581532491
1.0003983929186022	0.09272089136207166
0.9884837534945673	0.0934476738854342
1.083893010497892	0.10316429457631641
1.0712479056360336	0.09986722566433302
1.0346888202967317	0.09307561605592103
0.9743885028536047	0.09911816636844024
1.0270311634520897	0.09155542195420413
1.0014035071791487	0.09270409714605672
1.0143791768920065	0.08849376682105556
1.0331299759889012	0.09273441032641931
1.0333885898155015	0.09128268789603584
1.0313255071972027	0.09235937124850997
1.0071453208302663	0.0911050321539712
0.989216526474953	0.0874111637474723
1.0351489899516275	0.09166565225667259
1.0160009661363456	0.09009144281596126
1.0164792014365587	0.09169177370138759
1.0276331556771168	0.09166045777662908
1.0187845463122234	0.087528535044844
1.0082684946430047	0.09114111867561378
1.023028370520486	0.0924932605012234
1.0432333367928137	0.09366614455161862
0.9914214464525782	0.0931819358263268
1.0417503760681954	0.09481203037216955
1.0759029580538095	0.09739969514070353
0.9851983263775624	0.09557042438705753
1.0552836625573585	0.09434785938512913
0.9947641198736212	0.09470322836843177
1.0005335760925698	0.09271821072344656
1.0013055018687156	0.09270541499859922
1.0699272160567677	0.09938156586597369
1.0370369465122489	0.09361897640222269
1.0264500836474093	0.0914564420677471
1.0930033300958297	0.10673830695576934
0.9851247055656005	0.089197971237329
0.9992763216935704	0.0911104589698093
1.0289152296876507	0.0918925490767695
0.9968846709392339	0.09119901666103998
0.9799239658598274	0.09450981676711186
1.040970895719533	0.09306785819408651
1.0007373924869614	0.08954204799075449
0.9977663142045458	0.09279890558194163
0.9931892265689951	0.09480537886142558
1.0415292519928125	0.09321283378449567
0.9975554606683265	0.09456394600550325
1.0056732858635185	0.08808813910360026
0.991720653523406	0.0949155524625463
1.0299988916452074	0.09209754667878273
1.0071248442515137	0.09110446109448776
1.0197598037853508	0.08902229436347302
0.9777635998191586	0.094839453259683
0.990225469339566	0.09504218675258837
1.0240522058278094	0.09107325667303506
1.0163994682068176	0.08866735250440036
1.0186765966530542	0.09036491797097443
0.9737597032480532	0.09923198998550188
1.012439501893489	0.09135755161499323
1.0046672353020396	0.09270014581404361
1.0273986937971629	0.08872935503138095
1.0033736488838216	0.09269238470783064
1.0134273883958806	0.08842238490199465
1.0171004291424368	0.09175405837600074
1.0284788586443037	0.09181227702927118
1.0688570889794693	0.09755933935739854
0.9636160814926228	0.10129801230420837
1.0610906183713555	0.09625896609744092
1.0171118170335536	0.090198547783429
1.0475552640301353	0.09340949587850127
1.039841295882483	0.09133730550685895
1.035494153095646	0.09325803289518851
1.0147474931909959	0.0915334637098056
0.9985521937851786	0.09277050385428331
1.0189496248130365	0.08892918176231747
1.0206374444595094	0.09216371686929536
1.038664126884848	0.08969184533889027
1.0019621201903013	0.0910585450361224
0.9973621955755713	0.09117820174427681
1.0022055227099231	0.09105636997437913
1.0233201163881005	0.09253635013172692
0.9863040799583873	0.0954411102853537
0.9948817859620894	0.0913030487292187
1.0067292322046482	0.09273815712255505
0.973692540006648	0.09730851663280932
1.0234753640467829	0.09098720114232284
0.9766706374924123	0.0967948692704689
1.0322504614633046	0.08962963505379103
0.9723764444464721	0.0975482141532447
0.990013306693159	0.09330261026371729
1.0711541167157028	0.09838472708089016
1.0295023753157988	0.09050839794874033
0.9865609164258807	0.09731530731310278
0.9706974875770016	0.09981170373736369
1.1025505722076794	0.10592990201965487
0.9863716469625045	0.09543344282784491
1.0017886354242431	0.09106035387675829
0.9849639956319732	0.09559874810662021
0.9840188644104275	0.09571620203947934
0.9966075916123585	0.09460516715894884
1.0045361423319354	0.09105715192647118
0.9929388357480947	0.0948231541108153
1.0459216335561121	0.09441351831494446
0.9665742503795306	0.10065414415693551
1.0114898351539205	0.09129680615909026
1.0055360963452562	0.09271230366477731
1.0276346318805127	0.0901721687394254
1.025048683642339	0.09122753057521317
0.995571171560881	0.09465741352513758
1.0223308247157097	0.0923927656198665
0.9767964157809518	0.09869963855111977
1.033933300466192	0.09139908072400638
1.0004629314291686	0.09108124533405516
1.0241060043556358	0.09108140433921011
0.9985149799712962	0.09277175132722931
1.0366764183309154	0.09058286517233585
1.0353685520254947	0.08894141778394514
1.0327079391434368	0.09113992884269766
1.0150803761753333	0.09156214399984626
1.0358786531203046	0.09040209742824591
0.981563681291495	0.08700244743051308
1.010010787484793	0.09121568317092524
0.9900400436266187	0.09505889196388911
0.980905272783958	0.09613852321798393
0.9944895436556983	0.09471983057064912
1.0302237044651892	0.09214107846432058
0.981495350104863	0.09796740155536521
1.0431542556118722	0.09364475086926272
1.0205594769679438	0.0891188704998143
1.015672644407115	0.09161523361940552
1.022247707685605	0.0908120393975619
1.024086592385713	0.08445440656884551
1.0688313249463368	0.09898202131902156
1.0126145521844385	0.08836669829854535
1.023466038991688	0.08811643522285613
0.9932271929305981	0.09140899684755326
0.9637001337578068	0.10127929590476777
0.9964243626167804	0.09461386092471352
0.9885031835012404	0.09520570025239801
1.0487540600105336	0.0952417464613638
0.9729532611855538	0.09938062445394619
0.9600368889640419	0.09827614970069277
1.0013265018903246	0.09270512678506518
1.0046062360237382	0.09269950249347367
1.0303519569873483	0.09216606644936261
1.009310235000214	0.08819026729233069
0.9950052583021954	0.0929324771806075
1.0558616374378558	0.09453238055251516
0.9981080360536375	0.09278602572809812
1.0003168277479602	0.09272257198208365
1.0021179588152536	0.09269658818542628
1.0275700973613184	0.09016097669335171
1.0122733378881636	0.09134643358542695
1.0149639382746811	0.09155201719692026
1.0228862033776172	0.0909017805548964
1.0434683019222228	0.09372991179192637
1.0520685085258163	0.09626097818200216
1.0137094860100757	0.0931046795819555
1.043926639226886	0.09385516824700586
1.0144835174263274	0.08995993873000092
1.0201495685220263	0.0921016653684448
0.9995234062685106	0.09110356324341985
1.0016042265549736	0.09270161452589508
1.0344622884058083	0.09463496424188415
1.0075665687900397	0.09276266382768751
1.0567639391603396	0.09626252324087253
1.0077767532415876	0.09276964246550945
1.0365130398666345	0.09197578367264345
0.9784627881768871	0.09650605797675998
1.0280244527171774	0.0917300859295299
0.9815726835295607	0.09604353493192544
0.9776162806112482	0.09664051105910008
1.0135750339111669	0.09143909010928311
1.0186331175026084	0.0919201031125003
0.9897093325990758	0.0933302911505119
1.0175491258948752	0.09180084627762658
0.9863837121159119	0.09543207654322189
1.0322549769637308	0.09104658771575912
0.9993828788116865	0.09274519400615196
1.013721110595513	0.08990032701732777
1.0110673077747558	0.09292242394752837
1.012294103615763	0.09134781166706268
1.0007501714785416	0.0944720908891031
1.0084259381585015	0.09114692625164524
1.0073069367152998	0.09275450203692968
0.994915871856324	0.09469427318908931
1.0310335747030146	0.09230073588626703
1.0079629099023462	0.09113037293971787
0.9650944281589103	0.10097235969390894
1.0095183806456438	0.09119231175149303
1.0325096030331626	0.09420519139699068
1.0222778473688061	0.09081620914230669
1.0274949732836292	0.09163612394834804
0.9799308824561932	0.09628144310325452
1.0337361431662606	0.0944721803612444
0.9633927141021544	0.10134786644493518
1.0701662039092337	0.09946911735309534
1.0324224427438258	0.09258478485720024
1.0201207571624589	0.09053448559949616
0.9651244247338655	0.09899397725934068
1.0492927219658612	0.09391833344202373
1.026469028933867	0.09145963174991932
1.0067174502905556	0.09273784981304042
0.999776367363617	0.0927349069979789
1.0222654811464553	0.0940597131537679
1.0216834687407639	0.09230270300199885
1.005780593228438	0.09271673628769211
0.9919878813601963	0.09489444751504904
1.0164089679026582	0.09168491439558615
1.034748034347979	0.09469997503879492
1.0196226330029707	0.09370546901814497
1.02792500028805	0.09329811472858017
1.013512912738319	0.08988479949035892
1.0096145198465005	0.09119673241019498
1.0281989029368166	0.09176147064547391
1.0181211547919615	0.09186268278385766
0.9957827476175257	0.09288960339028597
1.0200259830014304	0.09208622758749459
1.0161997142340253	0.09010993322321266
1.020430264554083	0.09213715037575713
1.0274663969850855	0.09163110829303546
1.0229175680106155	0.09247705875872003
0.9935238993367888	0.09478227401565623
1.026634882565626	0.09148766314537844
1.0084978760140184	0.09279611501067886
1.0413003389168045	0.08664622716211588
1.0322827782109816	0.0925556400073013
0.9993447809794679	0.09450346673914396
1.0340793541875415	0.09143061159524495
0.9916652815698358	0.0949199839747085
1.012866855823185	0.09138709975948403
1.0006178170707263	0.08954439089002802
1.047032976974076	0.09325941569282155
0.9868951713219419	0.09537495802392379
1.0302003569076243	0.09064010175674893
1.0681309623975461	0.09730118832485245
1.0071583101565338	0.09275005773935098
1.0061492428523802	0.08544371889144078
1.0351720104798738	0.09318456635117403
1.0338258292855542	0.09288476980854939
0.9801472695931255	0.09624927413824798
1.0153320498069083	0.09158438103691695
1.0719292367258155	0.100119492061634
0.9769794093066834	0.0986689878202652
0.9942222185837422	0.09473648649258735
1.0085263693682798	0.09115072723298741
0.9979336759515697	0.0927924958775845
1.01981362437825	0.08764433941766607
1.0001770204977571	0.09272556318744318
1.0031983368500277	0.08951615357946799
1.002367839624074	0.09105515533087041
1.0309339485077185	0.09228085682941484
0.9989616329586591	0.09275742109548762
1.0172365979628837	0.09176809780081255
1.0688372364542202	0.09898416795292239
1.0288768238806145	0.09188543152702221
0.9904784509502934	0.09691798189740491
1.010981555957735	0.0912670775577906
0.989633033300021	0.09509632552920057
1.0182890233007746	0.09032202483010444
1.0351296950974056	0.09166134853923848
1.0858600440259445	0.1024486185858043
0.9716572848207433	0.09962558084032308
0.977721249288115	0.09662364589231391
1.0482926027675237	0.09362365302024538
1.0131837109504247	0.09140989486337152
1.0180340183244458	0.09029440800834533
1.008931185132338	0.09281390947936088
1.0251380283713425	0.09124170894369352
1.0212888273334628	0.09224931579983235
0.9967184661062666	0.09284344923820971
1.0019614629124876	0.09269791676352124
0.9895198310708685	0.0951069232044592
1.0053242309214352	0.09106634413592166
1.0360777454827834	0.09339280391762408
1.0142732916136423	0.091494048053582
1.04760466499006	0.09203045725770682
1.003287047326809	0.09269230466233101
1.0232710352814154	0.08948064167736745
1.025187420808161	0.09124957154663725
1.0308926575359798	0.0922726373637651
0.9990919436747795	0.09275350486023873
0.9905601759346249	0.09501258818673494
0.9662685098840962	0.09693927192970944
1.023168163554756	0.09251382960059791
0.9802688033620347	0.09623131361488961
0.988353777291694	0.09522075872259499
1.030124251734598	0.08921596111949358
1.056349426865016	0.09612626930499116
1.0110341766561788	0.08972467949513946
1.0089415844726755	0.09458089944662317
1.0002757929885715	0.09448108079885298
1.013658412112076	0.08989561701189035
1.0017480867014887	0.09106080764556489
1.0098396738652355	0.09285582964805093
0.9715932530023131	0.09769437883820498
1.010338769115514	0.0928815224123016
1.0150990107826536	0.09156377415372369
1.0483846298707868	0.09513142860082958
1.0082027779443832	0.08959747514090988
1.043372618590778	0.09087105494667169
0.9824188012988383	0.09592657163759162
1.0340865406660256	0.09143216655906336
1.0097125083102445	0.08820747014123767
1.026312787839589	0.09143340207814103
1.0140482535171988	0.08992537660439476
0.9875366415210504	0.09530554664643544
1.0054303428477651	0.09271052423655798
0.9827192014775784	0.09588598857024498
1.0100130793057935	0.09121579619029152
1.0081879885089906	0.09278425857775985
1.0374903148379797	0.09077123903389282
1.0081217843938448	0.0927818194867654
1.0161796697459247	0.09166277819131212
0.9903957992472278	0.09692534925629864
0.9959278218591371	0.09463859442654339
0.9740690977780185	0.09917575531650785
1.0071737298422097	0.09451451656019347
1.0058253506828296	0.09107455518402996
0.982783297937701	0.09778752305105322
1.0242113044032017	0.09109741183147628
1.0289680514502304	0.0919023548372161
1.0189985703019262	0.08755199184122125
0.9902824480172425	0.09327858169221342
1.0019194254412023	0.09269830391011609
1.017137985630478	0.09175791667261952
1.0018610443816398	0.09269886282019557
0.9587243461141535	0.10242611227486852
0.9842147357560018	0.0956914400955411
0.9790889544758544	0.09463449398844782
1.0070097351730225	0.09274578070332447
1.0535037411587735	0.09378805889854185
0.9624898150744325	0.10155107651684685
0.994603844675549	0.09295620534396341
1.0132068519866828	0.09141158927327173
1.0731761382989575	0.09912169787266477
0.9833583902276134	0.09580130166390988
0.9958500659667019	0.09288608364550392
1.0008786307319384	0.09271196192023107
1.0309558125716929	0.092285213784736
1.0069885143517587	0.09274518333418791
0.9880428775422013	0.09525253552583224
1.0043318267941805	0.09269694872652862
1.0300061390360697	0.09209894467290695
1.0359725659617514	0.09042317672059881
1.0154603058426308	0.09159589661418062
0.9873678605628989	0.09532356823742179
0.9892259643945656	0.09513481077078192
1.0281702356487281	0.09026615846740675
0.9922454780810833	0.09487454636098093
1.0159435608885299	0.09164039743090734
0.9850872070392133	0.09558381568636794
0.9814638394026763	0.09264288357064462
0.9874546645170567	0.09531427811655209
1.023494163025003	0.09424223053080462
0.9870110076265629	0.09360076095616614
0.9636528569764383	0.10128982035975705
0.9921034387716586	0.09488546598748153
1.046827188108921	0.09320065375307873
1.0331693229877863	0.09123637276284606
0.9763691835112583	0.09877184460575084
1.008928815992735	0.09281380832884764
1.0023072046709733	0.09269521912838484
1.0016998425205397	0.09445903135169462
1.0180977446675237	0.09030126449628113
1.0182184149308637	0.09031432992168927
1.0092962103073166	0.09283000154838833
1.0362781852409937	0.09049214621770665
1.0038554255997563	0.09105285821563755
0.9760918026878713	0.09881920535703424
0.9957107891480662	0.09289339976266628
0.9754142526376276	0.09893646583589685
1.0099726973410386	0.09286249272703807
0.9911435823070586	0.08474697280882869
0.9990035166789168	0.09275614930466382
1.0218169467323226	0.09075316541165152
0.9838423023879622	0.09573870988504696
1.011117175300064	0.09127482007083845
1.0353676918128396	0.09484279260747785
1.0181416162329247	0.09353001699776707
0.9971923384884788	0.09282236526306485
1.0234217337742502	0.09097932193140247
0.9757240782879707	0.0919665840827914
1.0004846278435295	0.09271916625159635
0.9846885279174783	0.09563245095118295
0.9863354508070502	0.09543754696287365
