mu	sd
0.3382889976256632	0.22617908732331077
0.5224738193272894	0.2832951840093711
0.2495034606023496	0.15597246909032714
0.42371412719210194	0.2845091719237407
0.3549560920377464	0.23898425555394986
0.5139897444727436	0.3260062802548418
0.41624048586229545	0.2801602162243182
0.3737153142556669	0.25261853491763436
0.6454649738273888	0.31472696380803034
0.9552313243325274	0.21062087309979222
0.6769107157174403	0.3174118143720595
0.66532296702581	0.31666387585868644
0.29951883641717697	0.19466383954858896
1.0407313225284625	0.14097204509432582
0.3871748032408042	0.2618498400201391
0.8109257608093277	0.2814526328064222
0.4699095853870294	0.3082197730166624
1.0724827791362566	0.13647920567753116
0.796276111333732	0.28437886376604127
0.410484785386107	0.27671120023099666
0.7606538380650164	0.28961373605342516
0.8117707975686693	0.2812701519710773
0.2543452073643162	0.15930760706535033
0.35931164468914106	0.24222690193768595
0.7360928897269938	0.316916778763119
0.7482161635330509	0.29081071259953517
0.5749041891945085	0.30093884390887915
0.7109642989514664	0.3180019821708563
0.3155527774448792	0.20788073777603336
0.9231915900923793	0.22510698507251817
0.7404525932521636	0.2913916168361935
0.6991861746838525	0.31806758604745355
0.8293907786644016	0.2771265388292311
0.823265849712402	0.2786400669439029
1.0906412069967073	0.1312249322508116
0.4891159173993371	0.3165294958308223
1.0442645752910233	0.14801531928275224
0.910773880037772	0.23034087736355177
0.37977089176283657	0.2568301004700269
0.8156477642568501	0.2804138493303361
1.0571549748616307	0.13227206439969197
0.9850289858104505	0.1688134582746341
0.6261492640055267	0.31203812179067913
1.050175140579802	0.15644554565100874
0.2850532157004923	0.1828027750565768
0.3901691661209036	0.2638391525859728
0.42298106508212374	0.2840890464857015
0.37645854355832326	0.25453814423570903
0.6748945284082887	0.3173017843067918
0.3689108221179168	0.24921013974184536
0.7174059073073219	0.31784620039647343
0.9588970178960151	0.19318149196001777
0.6025993505847599	0.30766441730138766
0.5408418149083473	0.2902307591462327
0.6320616201129546	0.28591134042288313
0.3652954099694302	0.24660681527760867
0.3564619417908591	0.24011044465149264
0.3961519203128119	0.26774305063363296
0.3902431597453173	0.2638880117003826
0.5968849579841965	0.3064184229892292
0.5879173005194508	0.3043153788939269
0.44411900717323627	0.2956466707272527
0.7449251183246838	0.2910725877404474
0.40385210903246893	0.2726285131941617
0.42676090598488897	0.2862403403879028
1.0356826622410251	0.15028079449599618
0.9285693918976987	0.2067311822665687
1.018854607366183	0.14668737807336157
1.028383236055966	0.15245850714121223
0.9395631775034415	0.2019149392291432
1.0190820599412846	0.1466186769431509
0.3889406145096541	0.2630258146818704
0.9648699795695359	0.206066193991898
0.37295939228215097	0.2520861721041613
0.3764472017817388	0.2545302475932628
0.9296074147704998	0.2223100895550685
1.1014777312975432	0.12139831042438755
0.3295466726724096	0.21923799275400593
0.5448135008410655	0.29162173228518146
0.4130488289725629	0.27825841557547404
0.8195744181997154	0.27951464961081185
0.6737373805490803	0.2910616808314797
1.1047489005522448	0.12826994268716663
0.4063058946634592	0.2190253806796047
0.5410522865218138	0.2903054310957217
0.31467038206969083	0.20715693089169768
0.6279896386704638	0.31232890593797674
0.9935159958574319	0.1774104233675727
0.8049551696940641	0.2826994503887136
0.9501127486743327	0.21301169257263322
0.7227341169220398	0.3176534756496431
1.036612033317988	0.15001947838559213
0.8178147171627825	0.2799215885707864
1.073457948572102	0.13642315558862053
0.38989812830532755	0.2636600590608308
0.6417666561815503	0.31427399732667216
1.0101150879467702	0.17026570176001965
0.7065166715689504	0.3180601143614037
0.942466634969176	0.21653633504945946
0.6157028301295466	0.31024810686828613
0.6150172371787258	0.3101222990478158
1.0649985814738603	0.14408885123896736
0.7836904982891446	0.2865335241463747
0.3631724935705356	0.24506298660978149
0.754651143189649	0.29023231784474374
1.03764245339776	0.1600409532691342
0.6462778836406402	0.3148226248141925
0.6320155845471105	0.31293950069742155
1.0045245967896315	0.17261430211525788
0.9296984782962344	0.2222699665104426
0.4224694141756596	0.28379498483317467
0.5874276830724263	0.30419532850952136
0.827106913233681	0.2581161550516565
0.8265087400943146	0.2778484054028772
0.3800954993674123	0.257053178925226
0.915046595489294	0.22856792481330218
0.8749023344665551	0.2634753550403522
0.9784145429686898	0.19960150300590768
1.0202461392887212	0.1662080494567416
0.3928655955199945	0.26561032878324253
0.9368331615607213	0.21909153250957555
0.8311410117811489	0.2766797652866663
0.35437007887488015	0.2385445479876456
0.5695003552507045	0.2994222761229269
1.0211595432228742	0.1548159761253791
1.0957985986964591	0.13674004011295626
0.5589116289843811	0.2962531553844502
0.35959479097133057	0.24243612717328283
0.37194257454036084	0.25136776640273545
0.6203302098418854	0.31107035056806476
0.9652159500246545	0.19028470699679637
0.931819711842477	0.22133209304280205
0.9492597832796473	0.21340781738506787
0.34307513005305434	0.22991729908116953
0.9132816174162656	0.22930394889115358
0.3676208785536277	0.24828506377595033
1.116910462949293	0.13009712087197312
0.4753117358568799	0.2615557897644567
0.9110747920276735	0.23021700600776196
0.7971162863209977	0.28422318740306846
1.0677251832480612	0.13682767302598225
0.4191232097066905	0.28185498134057857
0.5054302599874604	0.27610425940991395
0.41998724398217424	0.2823587158136415
0.31511765959662896	0.20752390844035368
0.3756891670481129	0.25400171815296424
0.3131884966945137	0.20593988338837785
0.46967972980471506	0.3081149566144963
0.9271159442809424	0.22340330049910972
0.4063733940892633	0.21907311802148485
0.7726170511390814	0.2881538162772051
0.5644907205675838	0.29795568559667884
0.7598126972546588	0.3147192964086714
0.5653013829136444	0.2981969865255773
0.5825580480321876	0.3029716787646791
1.0343858536987476	0.15065162241794397
0.41494087707139843	0.2793890500440264
1.099377122641633	0.13187517971578186
0.5999946327917306	0.30710551149651444
0.6947152023288	0.3180180233918558
0.35384482721721877	0.23814974960846447
0.5758937990837443	0.30120925891848943
0.9464489715555306	0.21470814976648783
1.0015544412699104	0.16204393982377358
0.8513343024700912	0.2710691259129788
0.41218583437951634	0.2777395910596042
0.3628510386260098	0.24482824649370843
0.6799707601440572	0.3175626785026299
0.9412188290602204	0.21710554804179966
0.3408694451667984	0.2282003205356406
0.6281448289538325	0.3123530914041958
1.1004093808551525	0.1243146713264657
0.5923452504967538	0.3053764439610872
0.4160846606605104	0.2800679858503155
1.014029453591254	0.1407242452406155
0.619735651132832	0.31096732092543206
0.8484334410275204	0.2719264775479474
0.41423804471552844	0.2789701547144973
0.38977507056012073	0.26357868240429605
1.0707445757595382	0.1365922026583943
0.3669055177932025	0.24777024261053213
0.4583682819152751	0.302797215978494
0.6479853533409231	0.3150189827954354
0.37118439013040155	0.25083037431105587
0.5556450801912756	0.2952222290177688
1.061643641473064	0.13744846422108686
0.44232752417556087	0.29471151203180374
0.9926611565117929	0.19282677353083025
0.5469514593773834	0.2628388736764969
0.9191612970399398	0.22683251465880838
0.6375733666029136	0.31372509255995135
0.41899391276866077	0.2817794329891058
0.6444746081983256	0.314608520861987
0.9148086099013856	0.2286674652437339
0.4078721879090002	0.27511688485794555
0.8377560843894052	0.2749340286029163
0.7205367577007578	0.29229515339129886
0.8878792008762749	0.2588270259340255
1.072892136419425	0.13645502975782717
0.9839993438111122	0.18168606283476918
1.0425981143033656	0.14842864548058315
0.9988317123495201	0.17506988232449308
0.7325666044868444	0.31714639492247015
0.5888070864564129	0.3045321567784527
0.49349542161891263	0.27062467335465296
0.3665969577797767	0.24754778615054446
0.8862530783465568	0.2236640583298618
1.0528239038073666	0.14610976054292693
0.9646574959170557	0.20616718377075188
0.7151473219478743	0.31791045241803195
0.3476611872967489	0.23345432947979725
0.7211348293301337	0.2922803532043937
0.6874205893474996	0.31784885363110943
0.45831737290067787	0.30277257082963765
0.6133064534618925	0.3098038706504609
1.0219836947093275	0.16554227181191572
0.7248302656255459	0.2921719344573793
0.5529577989086176	0.2943551278500739
0.6711752270520741	0.31707661331302833
0.39088577242987693	0.26431173211637443
0.4040917303675955	0.27277803073788287
0.3284025461899276	0.2183197712204401
0.8064413059782681	0.30710488296659766
0.905317687838631	0.21639254759521367
0.41398562295156155	0.27881939221928137
0.8457607486913714	0.2727012100688691
0.8777773466501084	0.24294202174856794
0.5650252351715478	0.29811496147560607
0.8214473008292357	0.27907446112462675
0.6644545781531813	0.31659652894258566
0.5101077224090707	0.27815136669860285
1.014693080410336	0.16839732683829833
1.0797330707179815	0.13619261454332446
0.33197549820051797	0.22118006436007076
0.9555756722235943	0.170489830723616
1.046440169850963	0.14749591784874558
0.8235657601268256	0.27856776796993926
0.5416844689394041	0.29052907211195406
0.57509696913578	0.2724123887601207
0.5899169706371656	0.3048000450726641
0.34506578886066697	0.23145816018702986
1.0307930035104955	0.15171569254061723
0.8180495581573419	0.27986765313516254
0.5586058256789016	0.2961577151680165
0.8999964410348713	0.2541987544869991
0.8810919479115646	0.24176833733098713
0.7037446386291883	0.2923974474580518
0.583384256631626	0.3031830934123069
0.8449857681212707	0.2729231243151838
1.0260338351725982	0.15320428035257483
0.7374230064870809	0.29158356805393637
0.8544914121393902	0.2701166059557041
0.6005331936300723	0.30722231287382074
0.8540459910334851	0.27025221703960883
0.9841374376482473	0.1816234193477361
0.9075927562660313	0.2316410426528267
1.0424300206188508	0.14847106981274666
0.919830528528839	0.22654772625440187
0.404291647627594	0.2729026579644134
0.3655484618868614	0.2467900934671485
1.0420876848918963	0.14855788150897403
0.9731224656852707	0.18665404474073427
0.7661711469385524	0.2889779812489088
1.0381763053931363	0.15987146835623048
0.9116398125774634	0.22998400428203306
0.7075091643530912	0.31805064655913884
0.9202525159314716	0.22636779261804452
0.6343005221006828	0.3132705087984921
0.41522269480877005	0.2795566521815147
0.34465790481436565	0.23114312490611832
0.7910501207320098	0.28531393964281343
0.3235284864887073	0.21438556109044551
1.077422771659862	0.1362508298471822
0.32356634589582783	0.21441625240153078
0.9771880479426054	0.20018779184410668
0.593041137970721	0.30553917489272636
0.41817689579964473	0.28130103793202205
0.532149629654603	0.2870524179259354
0.5870290899137944	0.304097195109409
0.9852134309355515	0.1687355593395421
1.012834860609528	0.16914924770353212
0.5557132328375999	0.3387942042869642
0.9451634798827845	0.21530015359797208
0.3474112977596932	0.23326277466516243
0.41324421570039344	0.2783756085335212
0.7990343304586834	0.2838622473639558
1.00401858940018	0.17283013054993215
1.046851813155583	0.14740026302835849
1.0090767475672116	0.1706966575933981
1.0908642709254863	0.12360064300982819
0.6932336534122747	0.3179925349591948
0.6572300776834257	0.3159748973903278
0.6277763054045706	0.31229557423978893
0.3476704517401834	0.23346142856754282
0.3941349639429599	0.2664374880808426
0.3582348792319902	0.24142948207417997
0.7188982663355538	0.3177980452041325
0.6133254369307942	0.30980743929681775
1.0474718259427462	0.14725778415815666
0.3921532554836979	0.2651442841849566
0.867053672242499	0.26612738068769975
1.0837407714735505	0.1310018914804281
0.6914340220238286	0.29208629960820626
1.0261450193830148	0.16398877214652122
0.3854752575226366	0.26071026068710756
0.41896519102306407	0.2817626449058651
0.394868058917911	0.26691325807239225
0.34326294316658323	0.2300630326316405
1.0960358597755897	0.13676199015540164
0.41816259087252516	0.28129264628716094
1.016531232691003	0.14004212789663248
0.7176354639266083	0.2923560812179956
0.4063429328687416	0.27417532263083044
0.41366354399799965	0.27862678300487864
0.4103126585466689	0.2218396942688204
0.5698492344678682	0.29952223298044894
0.9811282692989888	0.1983049558438321
0.32841045222673426	0.2183261234497466
0.716334939493387	0.2923775384923486
0.8410965938825994	0.2740182116520366
0.373070324240397	0.2521643882431107
0.9471380436306515	0.21439010641002165
0.368598058640908	0.2489862283120915
0.39107158685610915	0.26443405005169957
0.46395796385639965	0.30546427112788493
0.49494315008011264	0.2713091403801271
0.34992264456385747	0.23518156362880865
1.0623000628724764	0.1444613699572342
0.43241787825623224	0.28939083555074235
0.9636637890393487	0.20663918563875192
0.3702555832153725	0.250170053552244
0.9840802133479446	0.19689658151358386
0.4988763349572302	0.32041823843083367
0.8515900551261648	0.27099271682842857
0.8128850454554379	0.2810272587750724
0.5847704254956513	0.30353429779944224
0.3908362556297517	0.26427912084065835
0.8460672462087434	0.2726131062442571
1.0441687825052965	0.14803871826529294
1.070905919394227	0.13658101349693408
1.0293293269872688	0.176758129109869
0.5211921198610409	0.28277997435917884
0.6374751851221498	0.3137117897942364
1.0320265171839507	0.15134440264650528
0.3674390406421898	0.2481543229064656
0.6199392735431181	0.28367624276562997
0.9997348959568634	0.16276474400574056
0.43672031912874987	0.29173175961055425
1.0186939724593906	0.16681081418756674
0.4196844252300277	0.28218239367904685
0.3986181514828138	0.26932482574569266
0.8350224756404954	0.27566637808712996
0.41239428117989574	0.2778650867278449
0.35105866657667	0.23604488950839655
0.6979801903233609	0.2922925803677416
0.3748000686707718	0.25337991956997125
1.1091416051716043	0.12883682425675907
0.846647563771217	0.2724457660683078
1.0219480328171249	0.1655558384034023
0.9105007780638479	0.249971172896844
0.4569127134129559	0.3020900388978254
0.7880835039601161	0.2858192395571324
0.5634581346530866	0.2976460971145386
0.7985722479689394	0.2839499076366187
0.988958819769075	0.1794463713395421
1.0182037985499321	0.16700269074460297
0.8514142370567676	0.2710452588046754
0.7726693712782038	0.2881467680888653
0.44890089460642646	0.2981030812346534
0.34453127430623054	0.23104524765635137
0.9013680303868907	0.23413465901492853
0.5997533774107865	0.3070529788955418
0.5581475637385783	0.2960142792092047
1.0064649030092157	0.17179150384999983
0.3540391268409146	0.23829586733217176
0.401013422172481	0.27084570739105834
1.076582735880181	0.1310211563917671
0.714174277261789	0.2924051684542852
0.5866670091688538	0.30400773854758184
0.3309930062222643	0.2203956727250382
0.650392998760903	0.31528534846321776
0.5492605763322427	0.2931339898270419
1.0719328550531555	0.13116426835409017
0.45660906165147586	0.3019418493689011
0.46675682964433324	0.2569830688121225
0.6774116414450992	0.29133074602995945
1.012166385726488	0.16942194349152562
0.4894737969101349	0.3166760151578727
0.7938894287929569	0.28481301749264937
1.0118868092457094	0.16953632935054017
0.8177811631012947	0.2799292854877946
0.7088579377227432	0.2924304753708297
0.39260281646177586	0.2654385628003495
0.8633890525850907	0.2673237991199837
0.5299492724883348	0.28621840276761873
0.4271783440037561	0.2864756501155601
0.5991043633392964	0.3069110131155411
1.0093313490709082	0.15904976410526311
0.6992892883049749	0.31806824478798174
0.34985667808556425	0.23513134241450462
1.0257430896064272	0.16413618458441565
0.9409335221892723	0.21723544452150836
0.3970343438644526	0.26831085950503597
0.9438615725966111	0.21589792079150413
0.37467667244413966	0.2532934606253562
0.8303819927806788	0.27687429447250894
0.5026936724203211	0.27488048430479395
0.8757735801919582	0.26317349024426373
0.37553123488739504	0.2538914156059023
0.36933247121528945	0.24951161271293412
0.9259380703865447	0.18270817361301186
1.0146179606797343	0.15710505637160962
0.545534481782798	0.2918701424386089
0.7952293186969721	0.2845707534120575
0.9731224252167433	0.2021312447709859
0.39035420986824787	0.2639613127228342
0.9998766978010523	0.17461485243873592
0.5851491572758563	0.3036294934888197
0.9261737898947514	0.22381438277059895
0.7652787176811816	0.28908517479447915
0.6662727402181416	0.2904235996805306
0.36059032436983796	0.24317021446922682
0.4056029942664821	0.2737175279908578
0.3856912624979088	0.2608555167498437
0.41580164661752245	0.27990031167967677
0.9097126307049941	0.23077652916976568
0.8078808130849776	0.30680074131509877
0.5818049249634463	0.30277760792245156
0.5780687047019082	0.27330825274391995
0.9177598416183341	0.22742661884992235
0.49125112769549145	0.2695527293058745
0.4222942735890825	0.28369416940096753
0.41609882167498374	0.2800763701515017
0.7396804343947934	0.3166573428033136
0.906363573884677	0.23213879780570704
0.40122318822347286	0.2709781769252446
1.0364299416690141	0.15007038311745613
0.5147612525142217	0.2801325043101029
0.5431803266757548	0.2910543848604459
0.35809460827704914	0.24132539641426842
0.8652404021429975	0.2471852664003495
0.5801701166957569	0.27392871063526086
1.1042199039361191	0.11899158169584353
0.3391171567750755	0.22682921836484618
0.8467442304937892	0.27241782444615464
1.0179006733095677	0.16712170658215048
0.947439011301805	0.21425104191972738
0.7935628159758104	0.2848715010384039
1.0017190421432178	0.17381714880474702
0.9402410911963699	0.21755030305154002
0.3910468000617217	0.26441773865754964
0.40022891567067187	0.2703492527275492
0.916755250129676	0.22785056911260626
0.7429356434762067	0.2912197452088659
0.8366934054338687	0.2752205552323902
0.8169754659694876	0.28011339927060963
1.1181877405892877	0.12066097413512974
0.7403646056010404	0.3166049105614284
0.2960707389444494	0.19181990127603035
0.5154771145683759	0.2804323808059878
0.6369648310243101	0.3136423083746965
0.9954395145187409	0.17655879754268353
0.556023529704449	0.33887520732967813
0.9981139708684502	0.163412703631733
0.7826507832846722	0.28669663874201
0.39201612045503365	0.2650544107310608
0.37082311599560425	0.2505737926561305
0.6192757067832033	0.31088708938411536
0.9755563922783438	0.18553801311133974
0.42702916771980914	0.28639161135071656
0.7828195275378619	0.2669452125137512
0.36720405277442836	0.24798524438840566
0.3885126995222518	0.2627415894647978
1.0651930242706478	0.14406376384482408
1.21119272592058	0.15025538583655423
0.24681079086828758	0.15417299328580503
0.7751267343695932	0.2878092294419319
1.0250809743408855	0.13787479077883558
0.40768206257544853	0.2750001603926575
0.7063719569886336	0.3180613265627936
0.40783143101968466	0.2750918708300921
0.96808039069114	0.16533044685154716
1.0546226166631756	0.13839897094694906
1.0186439664470943	0.15567991873552964
0.5324509987719351	0.33213414716425776
0.9007765687905067	0.25389153011737264
0.40419832655553606	0.2728444952963594
0.32833141647256986	0.2182626164631563
0.5945459356678201	0.3058873402962376
0.3983725923287605	0.26916805088569495
1.0171692404700203	0.15619603658704406
0.3979082313015814	0.26887114864138495
0.6543856946599822	0.3157000212363714
0.5408580004885333	0.2902365053521417
0.32470051780610104	0.2153347654019144
0.6157790520014286	0.31026203013123527
0.42204640454597947	0.28355135295554845
0.7360928897269938	0.316916778763119
0.9132816174162656	0.22930394889115358
0.6263621218602943	0.3120721288888241
0.6008677332292539	0.3072945410484446
0.6994336542761649	0.3180691304094281
0.3453839385976151	0.23170364029019985
0.3026964710206602	0.19728794784341927
1.0513657545180242	0.14640771378303297
0.4537416427222894	0.3005311716846722
0.7816797217929078	0.28684692876613027
0.3998248938885523	0.2700929436861754
1.0872123741575928	0.12341482137431269
0.369226928412254	0.19135159641003063
1.0252039687340357	0.14483833290489834
0.5887525646142161	0.3045189252323959
0.5031644693377783	0.27509239725574836
0.3140723350134442	0.20666598195074007
0.4337355134170438	0.29011280163777686
0.8931144521160148	0.2568608271858831
1.0313654792454086	0.16212913097189072
0.4154202003593987	0.2796739881365926
0.404171671862869	0.2728278784493312
0.6393032717638393	0.31395609458475293
0.8316026335617058	0.27656087363692755
0.8921111882973637	0.22149807131142882
0.7648061160932016	0.28914125980991334
0.6785988063624305	0.29141135354342923
0.9487727569780358	0.19778775416988123
0.8537777721125211	0.2507877344974819
0.8752693651785973	0.2633483691651577
0.6463770685819721	0.3148342004635621
0.5595579886830191	0.29645415516187246
0.8179321458532873	0.2798946333215153
0.7782935457582832	0.28735547669873185
0.8409015173693172	0.27407232315254404
0.8158159410611852	0.28037599515604067
0.39014450865090994	0.26382286768075
1.009996148223745	0.15880091242824995
0.6361802946018682	0.3135344099538712
0.633206042188915	0.3131133581158818
0.2853572805333133	0.18304940233622227
0.6026179988130705	0.3076683642651703
0.9699653424328909	0.18810344624856634
0.62071407267012	0.3111364598805099
0.8995623942501025	0.254369210870072
0.6445339993375317	0.3146156825915322
0.7239677916590164	0.29219985026625345
0.5796436895430644	0.2737742907103796
0.38624454741647557	0.26122702398407655
0.8338750748362457	0.2563978028320874
0.27122564293396806	0.17181265407187835
0.9609489000616401	0.20792606463703486
0.6913009473932941	0.31795249311727114
0.3929156934364077	0.26564305469935406
1.0901235542969192	0.13634327002774427
0.9390183290853287	0.20215670408969966
0.4104604501558325	0.22194274123113197
0.3350737206011891	0.22364244823371768
0.41324421570039344	0.2783756085335212
0.9380213695621411	0.21855578251138855
0.9861037007430932	0.18073309946910798
0.997535460381778	0.1756367724567076
0.8381153820824554	0.27483662653426805
0.43009248971779374	0.28810578329788367
0.8108243041091814	0.2814744415820488
0.9347270981075395	0.19060228600440565
0.5581984554624393	0.2960302328313034
1.0049543850005205	0.17243138387102344
1.0288527198075188	0.1523120048039057
0.5190227336726428	0.28189853624689193
0.9376507133635711	0.23820363798670774
0.8517505211844572	0.251396845009384
0.4067342377551511	0.27441683620992435
0.3687813231425784	0.24911745969878293
0.7856119902122529	0.2862260894147424
1.0648453870206336	0.14410878485549433
1.1278386742424942	0.13774630678168054
0.9540677680134992	0.21116631299018496
0.9516948284316022	0.21227516862213044
0.3616750906693366	0.24396735474984627
0.7818878594711837	0.28681488260499793
0.8821306733744623	0.24139613896065934
0.560529496754005	0.29675441216238685
0.8257449776012306	0.2780368206981726
0.9194549833572687	0.22670762394547284
0.8733276466311853	0.24448380217602342
0.4373437582853644	0.29206703014796764
1.0962783285061741	0.13159493581459683
0.3869931805678823	0.2617284202514797
1.0550193154409786	0.14568276061740676
0.9737562257059583	0.18636329893018577
0.6104276287022035	0.309253516463874
0.978568678622965	0.1995278320657877
0.44917926515815926	0.2982443025838776
0.44429566736963133	0.295738447122473
0.8735789477426973	0.24439776916702455
0.6336553761831972	0.3131781872883377
0.6153218553081009	0.3101783243166618
0.3882808526208058	0.2625873933709105
0.33204890788217056	0.22123860557237587
0.8225822952493749	0.27880415244463697
0.4883266268744896	0.2681360009681426
0.9379326896313593	0.2185958278287953
1.0998275981379546	0.12774900106957507
1.0692234497397297	0.13670467125855354
0.5812140191625317	0.30262443108033177
0.36670328465794383	0.24762446948376882
0.9683168363126663	0.1888606177870095
0.9903276045866749	0.17883237494343102
0.5441266502109285	0.29138391366433924
0.5696960621905917	0.34224308268964254
0.8924966103110377	0.25709554178117744
0.8756972176657831	0.26320000731361526
0.44299778653264105	0.29506234380252017
0.9243391308087784	0.2246111582895693
0.6314757243824767	0.2858110621306789
0.5563704989478734	0.29545335630357633
0.6153322465824281	0.2827379156985454
0.9887912291661115	0.17952168228686008
0.38373930557525987	0.2024879300805059
0.6197164805173666	0.3109639860677187
0.5890615994532941	0.30459383383585686
0.4113957248461558	0.2772628671156865
0.9565152299363741	0.21001777969769603
0.8939221858837797	0.256552902624446
0.34930198882273533	0.23470866246806615
0.90930175205733	0.23094468791175185
0.92689788358718	0.22349855942764835
0.353796295998283	0.2381132393036297
0.6682558322721541	0.31687966504014
0.8280173984961149	0.27747267624605004
0.9501655872074715	0.1971576784985544
1.0121001933901537	0.1694490076189264
0.3789737606225983	0.25628113014678405
1.0763771941783742	0.13102534235827726
1.0266731919969354	0.1637959471149381
0.7791624900964403	0.2872272779508132
0.8384908060633112	0.2747345690385862
0.37434063569956505	0.25305781433403757
0.6500543673363689	0.3152486271442985
0.37648122957060504	0.2545539382362322
0.6391065104288715	0.3139301429468072
0.523714908555647	0.2837901476588209
0.36656507471475036	0.24752478645134832
1.0779377270539177	0.130998571984602
0.3509541233586564	0.2359655636538461
0.3861722759784674	0.2611785423987246
0.7979044542062829	0.2840758021768216
0.41817689579964473	0.28130103793202205
0.7814368582107418	0.28688420629849365
0.8994312620377748	0.21870524252219448
0.7017858588690067	0.3180775370115172
0.6315477102035022	0.3128703358525816
0.8834255299821676	0.2409292465007745
0.41727761500590715	0.2807724546508662
0.9469079126959942	0.23395244935755388
0.8004194043001265	0.28359680905728574
0.647461227821378	0.28826760664441664
0.5610759380767899	0.29692231907585004
0.8511903930147265	0.2711120620920159
0.6367293905304159	0.3136100665016002
1.0088686456702376	0.17078333046091904
0.4053480448127665	0.2735594579712279
0.962853605502923	0.19136883140014468
1.1369579739046047	0.13526594170322973
0.5224585289182063	0.28328906193596626
0.6498154051695187	0.31522256778539803
0.6296207587372009	0.3125805049021675
0.6943653024998779	0.3180124110778221
0.9191260374873534	0.22684749977617583
0.41652410915424126	0.2803279248287075
0.9739587141488745	0.18627042438523736
0.3991621447332222	0.26967156559882166
0.7050491448821168	0.31807042124028384
1.0004450864190841	0.18919013211720165
0.31571464912127956	0.2080134404815736
0.9599729864592721	0.20838760239130066
1.0337838704539901	0.16130441793724418
0.9431431133208328	0.21622700559174274
0.38438750459322907	0.2599769249679169
0.35055571693001236	0.2356630310173108
0.8911999754492846	0.23805870453609848
0.394868058917911	0.26691325807239225
0.6713579058567061	0.3170883459636748
0.8497814413787992	0.2715302057632139
1.0644658990538138	0.15353705947587562
0.9548439909244939	0.21080256418834625
0.3988769933807952	0.26948990838262415
1.0031176642967656	0.17321563944665558
0.7501159849066231	0.2906490810009425
0.4802041102781052	0.3127833352839448
0.5869566526700586	0.3040793223952527
0.9734169060548675	0.2019905180809413
0.3291401546386248	0.21891198324575517
0.9886634718503782	0.17957911232133358
0.7370002400070195	0.29160880186381655
0.40013760723111763	0.2702913649083479
0.4206955272716595	0.2827701922798061
0.5466351317447857	0.2922469471963349
0.3899596902746592	0.263700754312517
0.49555233558522555	0.2715955147762915
0.876429800614585	0.26294514646420253
0.4339045976300782	0.29020512394366194
0.34130041827975544	0.22853659111453958
0.5810172139548573	0.3025732372283322
0.643485338705589	0.31448812443177776
0.360998694331097	0.24347064198215265
0.3388404790231108	0.22661216788139973
0.36680968849439466	0.24770117997521135
0.6060032828322922	0.30837207283388535
0.6432085412101536	0.3144540642523295
0.4371565521163154	0.29196645967474794
0.6408395881355532	0.3141558793250577
0.5142118555659729	0.3260845304840328
0.45402531006576596	0.3006716396759188
0.3674283512584851	0.24814663468906054
0.8525640952506733	0.27070049435016674
0.9662159224468804	0.18982554724728218
0.3896889826282783	0.26352172975325144
0.8154290855779411	0.28046298261375047
0.36021363140690177	0.24289273114712645
0.8260273266304473	0.27796730792351904
0.42974499357926915	0.2879125520901306
0.514329617829418	0.2799510632487696
1.0559593556317042	0.1381992306794865
0.7610044976649905	0.28957524418112657
0.7348276554990741	0.31700206205079234
0.8021713407700835	0.3079828223195127
0.6289601124956234	0.3124792933127138
1.00690789209252	0.15996680972211388
0.39762504003209037	0.26868980273274473
1.1009860378980094	0.13204333887899522
0.9247785394106929	0.22442077951673925
0.9211182694630967	0.2259977755978672
0.882021954102415	0.2251891024542326
0.36780294027814703	0.2484158823041885
0.4241993245835455	0.2847864743555218
0.6177257234163295	0.3106133137390827
1.0259592206150607	0.1532283052759299
0.3698639249293305	0.24989095371802333
0.9860933868651015	0.1959379372640491
0.42514343934291793	0.2853243049232626
0.5928345154499562	0.2774412115154305
0.8966678991593415	0.2359719775482112
0.3751820962512736	0.25364734316025656
0.46185274764348083	0.3044688279467424
0.9565464734901387	0.21000308789488126
0.41753415248806497	0.2809234592479074
0.37575690120251465	0.25404900516133716
0.9356738815344956	0.21961252884764954
0.9337358567617681	0.22047964262020817
0.412644705539751	0.27801570397741987
0.9451512123794323	0.23476707180625786
0.4889734370749677	0.26845128131204765
0.4035463692961687	0.2724375193483125
0.5836539789820238	0.30325177426845784
0.8237156724742497	0.27853155881210795
0.4865035314465976	0.267241400641379
0.9197246393027582	0.2461026541104532
0.5954840035259833	0.30610180610014165
0.9269438032968559	0.22347850529616523
0.44322161877762944	0.2951792491679016
1.0078244133089498	0.18582052904873322
0.7686715414020746	0.2886686926052897
0.6298151774377589	0.31261011055455296
0.37716333678387276	0.25502820031355955
0.8062473976365186	0.28243591645304483
0.6535858760171969	0.31561965303284334
0.6110704212931471	0.3093779828768952
0.5867394042161982	0.3040256484483605
0.3862565956878238	0.261235104949049
1.0263422941426685	0.1639166325626495
0.9537715766084383	0.18236354101706015
0.8480959718957086	0.2720251037651639
0.7331247886456917	0.29182238848613623
1.0358042487797543	0.15024639512268445
0.4844247233628945	0.3145809639697326
0.9070494650673858	0.21570121213250965
0.5854018079190857	0.3036928167377815
0.9546743641111023	0.1951094840148352
0.549723651411356	0.2638704999586867
0.4081305144411756	0.275275327678775
0.2946171287624266	0.1906229736110917
0.24163410700204388	0.15082887212547672
0.9657485696760405	0.20564839591708492
0.5429848523178772	0.290986046606257
1.194409258518052	0.1647969800833102
0.7849157866406977	0.31116058352701764
0.7925480323758015	0.2850517807243703
0.8218455889626606	0.30363710381544196
0.7636329595102802	0.28927844259212626
0.6641136875912478	0.2902161133795325
1.0505646226082133	0.14657619943341793
0.9033662384269021	0.2528638339148646
0.6268267561827415	0.3121460200245845
0.727214370760006	0.3174467536869442
0.6201575422638833	0.3110405088333224
0.8126150509986336	0.2810863522293904
0.952001759475416	0.21213201715481914
0.5662520363114528	0.34143166383574725
0.8642262535039738	0.23122722071913832
0.4213771492434342	0.28316494324413566
0.3336012217789574	0.22247429429674836
0.9170037187118648	0.22774586207795705
0.8245313587314397	0.27833372414576435
1.0624852273729093	0.13735113298355847
1.0699058859695973	0.1366526573233032
0.4719686877184289	0.30915302540771467
0.8261435577067402	0.27793864444246025
0.4262402258382245	0.28594619969682233
0.43384309802688775	0.2901715528176223
0.9711512367471575	0.20307287616236616
0.45237301047868395	0.24884706659101968
0.550788316754701	0.2936425440195294
0.7226304245626618	0.31765777722456107
0.746931636895432	0.2909156593013665
0.37444137019339646	0.25312848500486135
0.8018197576238304	0.2833243577145597
0.6451083166376814	0.31468454979600097
0.30173413958120615	0.1964931010302378
0.36613003234927277	0.24721070295542172
0.653109319650281	0.2889978387815878
0.9323167725464435	0.22111143496831603
0.9213285195470169	0.22590774181997944
0.7091384213338348	0.292430658341789
0.8298865534511838	0.2770006280571595
0.33410663084699155	0.2228756873824482
0.35054624569517384	0.2356558345872424
0.3534183512131897	0.23782872188969406
0.3716014726872967	0.25112617872148674
0.7712736732712784	0.28833280950430507
0.7756491415020869	0.28773583217320187
0.9716208507518019	0.18734324635419117
0.8748411357835494	0.2634965030010207
0.7803261322441116	0.28705311141345907
0.5524894676735096	0.2942022519588624
0.37645854355832326	0.25453814423570903
0.6023942602404041	0.3076209581609767
0.5167791651795927	0.2809744854624087
0.3773685462603014	0.2551706449943246
0.4623000578010707	0.30468124846573486
0.7142979997135255	0.3179319241508083
0.5778439662967705	0.30173554762084825
0.31838924637117316	0.2102023553137872
0.7663285982227868	0.2889588945591976
0.3261636851118015	0.2165170029991385
1.0175828079162597	0.16724680147975834
0.7745380085154482	0.3127850752883172
0.39716259156006833	0.268393211259738
0.8547934660668213	0.27002441523503945
0.5536781505151707	0.2945892491098521
0.9381875756536597	0.21848070251607693
0.7224191614336037	0.29224598391279094
0.8248806772544229	0.2782485789596185
0.9768297018289921	0.20035910452291605
0.9641712184178388	0.20639822191218146
0.6580728495912944	0.3160530667630336
0.9413613821761299	0.2170406100398303
1.0482461299367072	0.14708256243081458
0.828960836889917	0.27723531830902076
0.42255703855844	0.28384539368455214
0.6326593757780758	0.31303390033343415
0.8947866773968141	0.23669612945987442
0.7396776338182869	0.2914425750534887
0.6681545835919862	0.31687251528279475
0.3667564769528546	0.2476628213367718
0.9807377478108935	0.18316947580664167
1.0135958339792026	0.1574747859540192
0.770959501702159	0.2883741209596151
0.8622297377064465	0.24815736530761778
0.9414478941795572	0.20107641128947062
0.48464150494170993	0.2663186069045316
0.7053797976739303	0.3180684835678351
0.8891139875796812	0.23884013556329758
0.8034227428230168	0.2830074429298608
0.40779068272049057	0.2750668576964462
0.802389164347909	0.263563413636461
1.037212466027092	0.149852649713344
0.3953373111277716	0.26721705248833544
0.3932667803467522	0.26587221259724936
0.5487368447572875	0.3369189746142428
0.9862620564792888	0.19585770375358205
0.8405437257878778	0.2741713664892788
0.4380627681883699	0.2924524618691028
0.34260237151154843	0.2295501357077343
0.7449240168466168	0.3162313339370327
0.4172206500774734	0.28073890023571646
0.9009229343946072	0.21812470864469227
0.907471241449775	0.23169036557885944
0.697949136778456	0.3180579817859869
0.5543494705867763	0.2948063218956065
0.5067316258514197	0.32338775637012623
0.41687919170262144	0.2805375906530986
0.5890070501800787	0.3045806270571341
0.41817689579964473	0.28130103793202205
0.33468927747633204	0.22333784639008133
0.7882906972276805	0.28578454910880874
0.6788742584665443	0.29142961528793904
0.39015683694400266	0.26383101004165815
0.9403356814934707	0.20157165754577963
0.9619734294165984	0.19177246473834952
0.43703183107941596	0.2918994075535485
0.5306548895132861	0.2864871600905864
0.33884911572947085	0.22661894556385645
0.9494732562158184	0.21330874351706702
0.31374001915599814	0.20639304834336086
0.6512101859879127	0.31537296438258045
0.8458473340108634	0.2531220909840657
0.8052613755685625	0.28263731918595336
0.8748861107600199	0.24394824725861938
0.38279867700616893	0.2589002109513985
0.9124916360139143	0.22963172619582026
0.4698049813461215	0.2586350137242044
1.1099301066988982	0.13328525876320593
0.7816103361785329	0.2868575915434717
0.8506144060148265	0.2712834894691826
0.9645590627433803	0.17764559911965977
0.5175791070488225	0.3272572156369587
0.4050398783881219	0.273368164161036
0.8926562585108831	0.237508344943068
0.8525002732349884	0.27071970061582984
0.42935282238503697	0.2876941037696465
0.7994449069831903	0.2837839827633934
0.40473221147721866	0.27317693038197244
0.3742623319607305	0.25300286204215994
0.5283712206992799	0.2856128892491367
1.0267857692144564	0.16375497897370747
0.40843006033833146	0.27545883187492193
0.4196267951579397	0.2821488103041998
0.9781349538802454	0.199735141883295
1.080630052644622	0.1361786188451355
0.32698051709134074	0.21717562272304422
0.39765076637657903	0.26870628574402383
0.5486479372164897	0.2929284826715387
0.46978579431506373	0.3081633390224773
0.38474531758791347	0.2602184956617609
0.3878424301813464	0.26229542224549957
0.6260912227439045	0.31202883183551544
0.905130213860434	0.23263562039323504
0.35546602273286737	0.23936621961837204
1.0193056546283623	0.1665723912863827
0.6510905546962027	0.3153602262803038
1.096938259952937	0.12749640371943016
0.4132302531814841	0.2783672371430043
0.9944559690216908	0.17699363312744354
0.35947337245821087	0.24234643114809473
1.031811975709466	0.15140853739547439
0.567222190818791	0.2987625965477252
0.9357785174393713	0.2390502117132012
0.24373860901496966	0.15216983604196693
0.6596920807828844	0.2897589642464899
0.7744647958172097	0.2879014045767727
0.5264135675106141	0.28485313119995764
0.6932130834186404	0.3179921492830839
0.40166973160760744	0.27125978681794244
0.363682071674221	0.24543458005533902
0.445261510668259	0.2962388139644246
0.44876102934343665	0.2467153458545625
0.4081169097110644	0.2752669876983312
0.8471951416686128	0.27228723598913
0.39336722004737995	0.2659377107583969
0.9607539842392683	0.2080182930015533
0.8973125204217866	0.2552472775897211
0.7041813453864325	0.31807444224596737
0.9016704357071725	0.2535381641501254
0.9391488107299997	0.2375228891988608
0.425839405595319	0.2857192906137907
0.416822337146103	0.2805040419201796
0.8631855855274247	0.26738944093707595
0.5642225723926547	0.34094191531685974
0.6461787094541966	0.31481102951326406
0.9983848736300776	0.1752649981755419
0.6967745222629453	0.3180459536754141
0.9340391147939993	0.22034428204439943
0.922563972859896	0.22537732697280594
0.6655654203890949	0.31668239705093043
1.01215167755832	0.16942795627889698
0.3561653669213578	0.23988906712445804
0.35464323659223485	0.23874960853926047
0.5502229831708096	0.29345500745368835
0.8253960499490443	0.278122496363494
0.8159504589437102	0.28034567470220845
0.8999096683763442	0.2542328586514317
0.31475410191879094	0.20722563381651077
0.6136738676410634	0.282388078826702
0.9032293154290381	0.23339614676530357
0.6953739847267237	0.31802790678151105
0.3804207635350932	0.2572764336747911
0.7973733583296971	0.28417525874247296
0.7638956558385647	0.2892479768917421
0.5640085254211128	0.2978114256648137
0.958952422277766	0.20886960661174506
0.5241758572992964	0.2839729993408432
0.9508570701866871	0.21266546537641356
0.4054687677794207	0.2736343282348461
0.8697415981692111	0.2456978216133426
0.32623346808885234	0.21657330893842844
1.0396924249907222	0.15939748764602968
0.991210840233168	0.19351113644991544
0.8231658542183368	0.27866413119835276
0.5805344935961123	0.30244729456046004
0.603607223789785	0.30787662880061867
0.8029796122880901	0.28309558899226445
0.5455016783569158	0.2918588674376121
0.974806574704579	0.2013262941950996
1.0805700122453883	0.1309797907597175
0.7439392462474639	0.29114656118737187
0.6380055043952795	0.3137833981575168
0.3317718241204609	0.2210175936822943
0.6198123390376423	0.31098065328658986
0.39460227730725667	0.2667409328733832
0.6230602947314654	0.31153355597942506
1.0842024718128134	0.1310092511504325
0.7894296757726931	0.28559223886106194
0.5570634402438194	0.29567297014341415
0.4106225363138066	0.27679476264683
0.9937669684713225	0.1772990268601413
0.4199439573191495	0.2823335259844442
0.3468393007759674	0.2328237893580519
0.8224488501029473	0.2788360723903116
0.38065349773994583	0.25743600874175854
0.8334478236307505	0.25650913853429025
0.3864494858891125	0.26136442756511935
0.7067854435600905	0.318057749335342
0.4002419634363556	0.2703575229649527
0.8527555195508869	0.27064283853359206
0.6961565347324419	0.31803848746927155
0.95751334679821	0.20954807415374127
0.5574696355970906	0.2958011765629686
0.9689966571151217	0.20410111997818736
0.6114109938340228	0.30944356043729304
0.768030976000318	0.31369351061064255
0.8566606036122041	0.24990698728754246
0.6119411444650802	0.30954513337746503
0.8029224595654971	0.26345969798448204
0.3884516565166913	0.26270100486233977
0.5207204901373224	0.28258935408952973
0.3492832268865813	0.23469435356984183
0.5908467635929274	0.3050223217699663
0.32111730875682276	0.21242698852051198
0.9340840169795369	0.2203242294677865
0.5932060889562022	0.3055775882456413
0.9061318746064634	0.23223233215033925
0.37392719310252304	0.2527674891802272
0.33973327681215293	0.22731201159244083
0.3847811414030485	0.26024266296671267
1.0671198136985056	0.12696112561766934
1.02815447715277	0.15253019971361276
0.8521491279166987	0.27082522456057356
0.873777245336497	0.24432979369114236
0.4725214274740354	0.3094017963245069
1.0517156666100493	0.1463351838407368
0.40537285591905753	0.21836437888931515
0.38016514351823744	0.25710100442113926
0.9518536260812583	0.2122011164536314
0.812378739423427	0.2811379487436956
0.6375340926016886	0.31371977374092813
1.0035461402452825	0.1877630904820549
1.012873933095152	0.1577377719107179
1.0147805960057785	0.16836214130064023
0.6339485588251577	0.31322025314411217
0.597938054864039	0.3066535284882471
0.9630117354891394	0.19129629634165063
1.094271760809678	0.1314430476579529
0.41836294986442263	0.2814101333449835
0.40143319228374885	0.27111068032909735
1.0223259184059617	0.1795479409571703
1.0241953852791599	0.15380219293155492
0.3824568405754441	0.2586676931497901
0.546569326778491	0.2922245010919263
0.3069910430274475	0.2008342799548981
0.6818505640562487	0.317645724907159
0.34962135370330827	0.23495210681801412
0.3637445931695071	0.2454801276728834
1.013621586752917	0.15746543249095105
0.3949440697256738	0.26696250701428276
1.0397399650033439	0.14916791254484024
0.9579592995727649	0.20933797944594057
0.38997200531713133	0.26370889391587
1.1106296380942846	0.13340611438369746
0.8944354032931873	0.2563566245765012
1.0154871177046463	0.16807885231443656
0.6457622955717132	0.3147621147976708
0.45256024487385327	0.299944000150386
0.3925028139344288	0.2653731481314547
0.9806883989387288	0.18319197216780306
0.3671506985884459	0.2479468356663306
0.48674401516989846	0.2673599106624585
0.7479477568568151	0.31596042716226
0.6789704717833596	0.31751550101598636
0.3659182843880891	0.24705765809659883
0.3983338501479455	0.26914330176687334
1.0058946816868637	0.17203250212645446
0.8515900551261648	0.27099271682842857
0.9826129101881581	0.19759629722856314
0.6894111293154292	0.3179058978155958
1.0335376508484628	0.15089801887431947
0.8634985796552679	0.2672884295968291
0.9565256448304466	0.21001288233443746
0.34345103722531545	0.23020891000054866
1.0635315041383036	0.1442857845506566
0.825927685923532	0.27799185779161506
1.012188446650854	0.16941292587848017
0.346912964398551	0.2328803635302047
0.6465556285422712	0.3148549870902722
0.3780315949360731	0.2556301505394905
0.42220675736717383	0.2836437628553867
0.8654194466840968	0.26666422841594256
1.0077896665276076	0.18583616918680848
0.919408010740062	0.2267276082127681
0.7269654391114921	0.3174593090700918
1.0507139138077646	0.13903239375549983
0.6419048155585776	0.31429144318309893
0.4157592283819538	0.2798751625224369
0.3466093733294911	0.2326471272147915
0.832409758057703	0.2763519389202259
0.5564380487401516	0.2954748149405628
0.6083902789992575	0.30885299630759905
0.9001121093624779	0.25415327229215884
0.5513045167158223	0.2938131136604002
0.3208731685537875	0.21222826145841367
0.8835842750716101	0.22462988612944934
0.6178786475711235	0.31064055828890763
0.6230410310838128	0.31153034437480587
0.5597963860310885	0.2965280410651474
0.8697350286882962	0.26523505000016684
0.9782591590784927	0.18430099174887765
0.381587799552256	0.25807519617419755
0.8652479461383459	0.2667202583410639
0.8889639233981533	0.2584238715683965
0.3515158228799436	0.23639148036587335
0.363682071674221	0.24543458005533902
0.435462936719604	0.2910525414904955
0.330034793557743	0.2196290859501403
0.6718857850245957	0.31712185828739253
0.5456493174346219	0.2919095926219279
1.0513242311150157	0.14641636368089692
0.5285738963771122	0.285691003287462
0.5954840035259833	0.30610180610014165
0.8966861983515872	0.25549006899482557
0.8404461123324154	0.27419834206245736
1.022472841475105	0.13264564813446764
1.0827932472152788	0.13099010466897668
0.6099365338230197	0.30915781028997047
0.7368593167040407	0.2916171286901511
0.3645493651663849	0.24606554937106906
1.0408909521432415	0.14886565983876016
0.40784501569493364	0.27510020874011276
0.678072806765778	0.317471396117174
0.7480930026353555	0.2908209266259981
0.6551060682228697	0.3157712505204053
0.3762771734569959	0.2544118266117447
0.3434958629883323	0.23024366389137477
0.657831989875401	0.31603087901279736
0.38260998924958667	0.258771902914107
1.0446715379302975	0.1479164059865797
0.3639845103769752	0.24565482035344077
0.7403231423541842	0.3166081150867866
0.538229764820783	0.2892950725934139
0.34435059270227913	0.23090553323386576
0.7333009427426511	0.2918133740212283
0.9642624591616726	0.20635488072367925
0.9168025914138751	0.22783062665797466
0.3435137977622961	0.23025756772816264
0.808386024736555	0.2819921002691798
0.4097288768062179	0.27625176198663304
0.6640508922779773	0.3165646836578922
0.41460321252695004	0.27918796032721366
0.8513183142572375	0.2710738981629558
0.39232794717082925	0.26525869912465877
0.9923496957066515	0.19297359409136125
0.39082387864681606	0.2642709684726625
0.42753678115309385	0.28667734062717354
0.4820770293157639	0.3135862719856437
0.8628724080282589	0.26749031525077815
0.636997759784729	0.28672512703268843
0.8381970138731256	0.2748144599294552
0.8665710520532277	0.24674978466024053
0.7755969078375735	0.2877431967848499
0.37337024162416405	0.2523756969105887
1.0048361657453193	0.1607625613915554
0.692945691422046	0.3179870565810155
1.1153562748672674	0.1343235342214092
0.7443617786582293	0.2911151097751592
0.5755754738787835	0.30112252159565844
0.33037208114737526	0.21989909748153785
0.9184318506968205	0.22714212770040917
0.4469446300828933	0.29710513989118176
0.5940132611147301	0.3057646775355788
0.6836915974554678	0.3177199639081005
0.6811555974284861	0.31761587574291905
0.396893376847929	0.26822029016516313
1.090773589682319	0.13637668777925332
0.5506884895494412	0.2936094842305148
0.40100031969216354	0.2708374291757011
1.0361870486702003	0.15013850946283155
0.4717906061620848	0.30907271897184435
0.607054639263221	0.30858544970045443
1.0512352463167183	0.14643493103849475
0.5880080229384361	0.30433756364747006
0.7505556631344869	0.31571195723125006
1.0169461322313762	0.16749825131752158
0.9152731862098831	0.2479872832854746
1.0008566939122445	0.17418979285490568
0.6560673494159006	0.3158645949698204
0.9531841291788503	0.21157979341983452
0.7878417375375486	0.28585960456698606
0.3255067495963868	0.21598658613226293
0.5626940646209306	0.34056735931643245
0.4779451293153568	0.26292370832616124
0.5315864116233103	0.33186400254642795
0.5082035565200506	0.2463231930270474
0.8368733604518327	0.27517219808707555
0.9443395944217784	0.21567865183575546
0.40462531387658246	0.27311042850587997
0.33823742398676804	0.2261385558468924
0.48510561677992736	0.266549474811706
0.4455906784824816	0.24481489477931764
0.9294314612236108	0.24188416777920496
0.37311471949547437	0.25219568171915896
0.6448706235462077	0.3146561328208202
0.9604254035189843	0.20817371490434156
0.6380661643243224	0.24820930827106358
0.380339385873327	0.2572206035136836
0.3032746761844738	0.19776553567725844
0.6821777097111057	0.31765942964499655
0.9532684009756414	0.21154038849246712
0.6607327930209795	0.2517655424924327
0.6507915407443097	0.31532825536494874
0.48754740794467966	0.26775471115341426
0.7959330051767969	0.28444201240572975
0.4117834557091627	0.2774970152873782
1.0268350107877413	0.16373707400304127
0.6409381647921144	0.3141685261925432
1.0315605228344866	0.15148394455300787
0.8343496869605592	0.27584426030777875
0.8874184663685355	0.2232381664031617
0.36159293130226033	0.24390708054263474
0.6528865543222686	0.31554827569766347
0.8245479965107997	0.2783296744869742
0.5607172522397151	0.2968121837783936
0.3469313868892642	0.23289451027485317
0.3642352846129007	0.2458372661531067
0.5645079522246679	0.2979608307647071
0.9502617638703947	0.2129424181407036
0.6370040777203259	0.31364767137141614
0.608842434051491	0.3089426758591861
0.5039303446929508	0.3223450485482167
0.9560357379074669	0.21024316116246858
0.3670227272680171	0.24785468230074673
0.9970010937178849	0.16386061882577507
0.4080489003917354	0.27522528926593653
0.401722336875555	0.27129292733217314
0.6550460177841643	0.31576535468020717
0.9752376147126697	0.18568408795485036
0.36616182097784045	0.24723366912104783
0.8114835725903816	0.28133234374721267
0.7349920506268717	0.29172347063559434
0.5682988907974609	0.2990758794078574
0.3175117307466397	0.20948499373604543
0.32277400560559627	0.21377352490012946
0.949088893641095	0.21348709660526932
0.5103275750304299	0.27824620660381844
0.4193964337835416	0.28201448271809676
1.0098484298298944	0.1703761346460566
0.6453496906430748	0.28797622427692054
0.5604953688209816	0.2967439022095066
0.3673962877476829	0.2481235716529081
0.29492552605647016	0.19087678870551592
0.8316520754836103	0.2765481136538453
0.29718298636992846	0.1927366469791722
0.5830787533932987	0.30310510109721417
0.6443360442237067	0.31459178281327055
0.6579925570173852	0.3160456838645376
0.7952121502858279	0.28457388143281764
0.8420934369616973	0.25418149396586176
0.6639701716610255	0.3165582749369838
0.8114835725903816	0.28133234374721267
0.815866387723255	0.2803646288502688
0.41873555978810334	0.2816283460930296
0.4109949456115701	0.27702042339659555
0.6002917057007885	0.3071700197518214
0.3674711134344074	0.24817738917427273
0.9039785834493612	0.23309712961778972
1.0040141214467355	0.16108119418533584
0.894743036645459	0.2562387375016625
0.3647755035793163	0.18788375837335736
0.6225788630461421	0.31145305062714157
0.947600118598273	0.21417656343379204
0.40202510654798546	0.2714835254889534
0.7643887927213288	0.31416487277459304
0.6718045593142975	0.3171167395014236
0.37080124830454614	0.2505582512805527
1.0106698672372512	0.17003649118873904
0.8969484938788257	0.2553884786542133
0.3467840807042115	0.23278137217935263
0.9738237387825432	0.18633233187362927
0.3351993511875398	0.2237419286528423
1.049531003376169	0.14679852492601494
0.43950174707791945	0.24108797996747303
1.0212042376955728	0.1329149268266365
0.7103242554347853	0.2408529183670298
0.3628613968980448	0.2448358145145223
1.1033495269459126	0.12460370295039506
0.6101253699756435	0.30919467421113594
0.5384531166396884	0.25955336303864623
0.6336162934294978	0.3131725657334083
0.5036647196595373	0.2753169399113071
0.3791697867857616	0.2564162829712188
0.9231799783700427	0.22511199214270206
0.9799305820022955	0.18353760634010488
0.39905840175219226	0.2696055004301836
0.9248016498750367	0.2244107587189823
0.3362852591758129	0.22460057677560819
0.8350552779407093	0.27565768144384695
0.39654783482397643	0.26799806222350137
0.40743789042871065	0.27485011494112
0.3942106606296765	0.2664866800147278
0.8861745129637884	0.22369267985579824
0.37207481948053023	0.25146134994605696
0.8066890875021607	0.2823450385741962
0.9390838150833497	0.23755248430551776
1.0440909404325671	0.1480577650473245
0.8699359501245857	0.265167611333155
0.6487010388580761	0.31509944531464695
0.8766127727125385	0.2628813280957157
0.826973264017432	0.27773321893191416
0.9251019375833567	0.22428048085228258
0.4797650590332374	0.3125938997177377
0.5719659544979504	0.30012263057427163
0.3745533743235986	0.2532070313257265
0.8717560465981883	0.2645530669571009
0.7216450057584434	0.2922671231481627
0.3940719081471849	0.2663964993577465
0.8275037992588193	0.2776011168335229
0.39892880592879126	0.2695229318176927
0.28358837787088215	0.1816170103387394
1.0033223235162434	0.17312792810887093
0.40113138630221506	0.270920217321105
0.9405929987509232	0.21739035594134276
0.8111793536475821	0.28139802740977
0.32734023379680055	0.2174653438271562
1.0996834155754007	0.13190597663517317
0.8594942390725583	0.26856592010577884
0.9606410773037466	0.20807170659384805
0.6653431696094175	0.3166654238494083
0.5547696446238747	0.29494164034748904
1.112780563063903	0.12576633192584344
0.9747251017183224	0.18591900419749147
0.5344761729654284	0.28792127910866444
0.5478851810535188	0.33668293603714056
0.9106534434666888	0.23039041290408757
1.0244283643146948	0.16462238710995616
0.5813393014034757	0.3026569739087978
0.9986958432460066	0.16317948644156335
1.0554094654795059	0.14560964093834666
0.7264674980219996	0.29211456972690825
0.5515545470354682	0.2938955029394961
1.0953133711089282	0.13669654124557762
1.05864685363393	0.13782418614674424
0.4265822472880689	0.2861394924365657
0.9625722585068599	0.19149787261166518
0.5387858344699045	0.3340636549092717
0.936819061297846	0.20312952814173843
0.7044619343827697	0.29240547796923827
0.6580929236715276	0.3160549104530867
0.4745450495904907	0.31030626657895133
0.4334897953936701	0.2899785052074277
0.6457821204852444	0.31476445192097313
0.9442093002111157	0.21573844261789793
1.1045124732025617	0.12824221778090833
1.0769680868157636	0.1362659939942784
1.099250471293113	0.13186261072868694
0.813509913860341	0.26127425885041183
0.422104700652505	0.2835849562360531
0.6476277155574088	0.31497836726635126
0.6486612642660917	0.31509500208693153
0.535054930051571	0.33293786949941834
0.6694604312013266	0.2907111094289241
0.38515177408840207	0.260492500206035
1.0181297969265004	0.15585907166145646
0.8333146260469693	0.27611610207275405
0.36614062779218587	0.24721835807066
0.9435896304774746	0.21602254898756248
0.4827680568569058	0.26538085893704355
0.4972631861012838	0.27239458832132596
0.9023059999965183	0.23376326229877983
0.6007376108228589	0.3072664768556956
0.5563536133332236	0.29544799053577797
0.420420603065989	0.2826106309036673
0.5000558293267059	0.27368253397831555
0.413971608791071	0.2788110171596488
1.0399631169034051	0.14910883857076582
0.7405719184991255	0.31658883605448773
0.5487637635647699	0.2929674051745561
0.3616956379347125	0.24398242616585664
0.3486469186498673	0.23420860339686278
0.898079056835344	0.2354245327571302
0.4901095862505755	0.2690024108753181
0.6264976094651717	0.31209372386610323
0.904824282041281	0.23275844672970125
0.9567963000925157	0.20988558456627376
0.7513004704820633	0.31563847693679775
1.0464819414453295	0.14748617287835544
0.44995047272726296	0.29863453029261855
0.6601826546499684	0.3162422022033309
0.6201959090398943	0.31104714528991195
0.8546663048124422	0.2700632489896569
0.7115438958168321	0.3179914305686405
0.9966881403402396	0.19093681515116206
0.37105291790340966	0.25073703942661546
0.5995122264998068	0.30700033920020037
0.40970144405677417	0.27623506017631805
0.9391358126107777	0.2375288081958447
0.75273574820922	0.29041365017780324
0.9981843354862617	0.1753526684027063
1.0255525442470772	0.16420627173509902
0.7444498033100119	0.2911085099061409
0.5606318979600217	0.2967859309054156
0.824364961366106	0.27837419389618734
0.9962726800347735	0.16415509027503303
0.5556246103483755	0.3387710319072867
0.43567977627779586	0.2911699639306665
0.8392084213328271	0.2745386816245494
0.6375537293675391	0.31372243353168755
0.4184202309088945	0.2814437026540199
0.5587586978131688	0.29620545369092877
0.4652775093193764	0.3060826666439376
0.4142801457603116	0.2789952838837784
0.37796287480077956	0.2555825790356057
0.36921342404483665	0.24942654124695807
1.072947075399428	0.14326635492953202
0.43879968234646505	0.29284612052513914
0.7443024794131917	0.31628473224357107
0.6806243543855294	0.3175923836808089
0.4132023310629745	0.2783504945757456
0.6027485534402954	0.3076959749521357
0.9544561390793949	0.21098437811004705
0.5306391922399368	0.28648119465970256
0.8509984593848177	0.2711692610302395
0.6336749182899237	0.313180996939076
0.5212073460986489	0.2827861190951962
0.9344990573476977	0.22013875415744283
0.6604441503943447	0.31626499229849236
0.9498038340440985	0.21315523494002964
1.0456417147351535	0.1399614004008
0.8666805867831519	0.2662504086435885
0.3777454574168677	0.2554319913172511
1.0650151013990472	0.1315611647840439
0.37392719310252304	0.2527674891802272
0.35914001354115155	0.2420999842720479
0.5252300482555312	0.2540679558701158
0.6228099087591586	0.31149174913800176
0.8339227039854318	0.2759566682861786
0.6837563690360291	0.2917257501751713
0.40195819280630873	0.21592748886695287
0.40143319228374885	0.27111068032909735
0.6289601124956234	0.3124792933127138
0.6277181343431061	0.31228646837623214
0.4709550705227348	0.30869490583414877
0.41869253217142716	0.2816031662397519
1.0278760838729173	0.1526177187824563
0.7258336880959856	0.2921374561905436
0.8661144740363615	0.24689961093768834
0.9074955476911107	0.231680501689577
0.41422401298688666	0.2789617784563803
0.6581531481588928	0.31606043663958583
0.6515691677519924	0.31541100622217855
0.6866618682270447	0.3178249575219923
0.5628569881188835	0.29746471009642605
0.5436858048331683	0.29123067211496984
0.3738937191892328	0.2527439641354724
0.614484502333179	0.31002382958209196
0.6461192101094203	0.314804062902597
0.7130346384395562	0.3179611419643654
0.4280605507800012	0.28697146420280917
0.5662693409484382	0.2984830936073138
0.807503989676683	0.2821763018297457
0.44558430125980514	0.29640551351109967
1.038512269452898	0.14146353637647913
0.7414425697873046	0.3165203793110512
0.9885995707118224	0.17960784361876694
0.4517384661374221	0.16968544999465152
0.5235460681556175	0.28372303822724193
0.32911628655827596	0.2188928337388772
0.6065099540892466	0.30847520923482463
0.5067874294984815	0.2767040130485966
0.9854270796643115	0.19625502378555615
0.5934627823575104	0.30563724452787366
0.6483033684786191	0.31505487051347336
0.7171960487077742	0.2923637366453258
0.7115645971554143	0.3179910410154216
0.6331083950451766	0.31309921230473103
0.595171131090848	0.30603049524119985
0.6342418506567642	0.3132621497912568
0.30679060445100376	0.2006688493426343
0.377711155625159	0.25540822201680796
0.41405570838919203	0.27886126852421583
0.3559680063673587	0.2397416324145577
0.9464705292159202	0.21469820715832108
0.9784002240518227	0.18423651106231886
0.6711752270520741	0.31707661331302833
0.6102009207171651	0.30920940093833754
0.6310216928565584	0.31279201261577777
0.9638360352058104	0.19091809983390512
1.0159439650240083	0.1566300949617905
0.9164710647029054	0.22797020639277918
0.36656507471475036	0.24752478645134832
0.40071230003452235	0.27065534229650906
0.37272669619002646	0.25192199997136244
0.821731200115539	0.2790070990963898
0.3860879987009583	0.2611219896695428
1.0516445082334354	0.146349881149486
0.6322106161710848	0.31296819256482905
0.8926290797856472	0.2570452772798933
0.5895528070548938	0.30471245550878356
0.504883558695091	0.2758613242128715
1.084199012546552	0.13617201347228167
0.43235677807627537	0.2893572487897646
1.0274488425950694	0.15275260768260063
0.4005161804724988	0.27053122951167813
1.0669952503958093	0.13689194621107417
0.548465998296438	0.2928672785387301
0.3885615497038081	0.2627740605765215
0.9759668907933744	0.18534995730409337
0.9057290982157546	0.23239470715385166
0.4092767277959042	0.27597622836559454
0.6950651566590633	0.31802338471026864
0.3964839184709302	0.2679569212298671
0.5919976544491701	0.3052947512027606
0.4083755630256068	0.27542546398739204
0.5408256300855753	0.29022501257239736
0.38145901317168746	0.25798722424662135
0.646515945546328	0.31485037334599414
0.9428596132541625	0.2163567026558145
1.0030949153764588	0.17322539393036201
0.8615550659656938	0.2679124792564449
0.4204639882453097	0.2826358240450562
0.5459283572108699	0.2920053202803668
0.4273724248747953	0.2865848996318615
0.2587237692356736	0.1624281089786838
0.6221939574720153	0.31138832390952165
0.7179862297928427	0.3178280134679174
0.43037995955919195	0.2882654001175603
0.40941363221524296	0.27605971294704845
0.519734002905499	0.2821888346757432
0.7276472174506283	0.2920696865346972
0.8586424827185901	0.26883349828958736
0.5893708229077199	0.30466857182980034
0.6095779055331371	0.30908758366467365
0.3116189650399256	0.20464901564179522
0.34364839001202196	0.23036188802817578
1.0959963029260038	0.13675829937215217
1.0554035549574365	0.14561074236597546
0.6327179288048663	0.31304244174739565
0.6235227813976486	0.31161041894290037
0.8080638367325399	0.2820595735006202
0.5767901654707757	0.2729254740056474
0.5845721592667971	0.30348433263623886
0.8013247222088774	0.28342114054243067
0.4040784100778384	0.2727697231993254
0.9666746853716758	0.20520763604772088
1.0124865423419132	0.15787952093613178
1.0359379589447197	0.15020863925978928
0.545534481782798	0.2918701424386089
0.9365660195776968	0.2192117407759789
0.9306076885590306	0.2218687312150742
0.40359950573818437	0.2724707310970581
0.4304708162108505	0.2883158036394448
0.6885002998035867	0.2919636747933625
1.0574471863203925	0.1452415614735675
0.6339290099155219	0.31321745401583645
0.6907255964476546	0.3179390867418254
0.49885925590942065	0.2731331685406903
0.6159696458629446	0.3102967897498999
0.6171525729634512	0.3105107479313142
0.7109849974750495	0.31800161716120023
0.7998211328542634	0.28371195603973565
0.39951271290142815	0.2698946025580264
1.0507121613111587	0.13305581110526218
0.6386541350757984	0.31387016324230976
0.36349466987239204	0.24529799785011938
0.34694981201486885	0.2329086582998844
0.5547360137592524	0.29493082487563665
0.2704175276097013	0.17118749761105412
0.8496050888428494	0.2715822585780575
0.39014450865090994	0.26382286768075
0.42168241646293253	0.2833413410771579
0.5994009613530585	0.3069760078799196
0.5324336234758594	0.2871591911775912
0.8311410117811489	0.2766797652866663
0.7577074982316199	0.314960205438601
0.7107366219578837	0.3180059394285609
0.500449227901877	0.32102420229502576
0.71415300742544	0.3179354427393759
0.538122706834534	0.33386577202235124
0.351802347070736	0.23660846390390305
0.5307655782065084	0.3316060109547404
0.7374824326653957	0.3168193827767016
0.9783278040563221	0.19964296194994252
0.35134420454165366	0.23626142464987263
0.8940835494515007	0.2564912423667417
0.8505503730237342	0.27130250553132906
0.3709543886152672	0.2506670625977566
0.5454524788524197	0.2918419520051508
0.8512703470283387	0.27108821256839216
1.0259758406530373	0.1640507495888875
0.39062596747839584	0.2641405551673081
0.9158189158577258	0.22824425962387007
0.3534667464198979	0.23786517240597
0.6332255730834899	0.3131161850288439
0.8400392333715574	0.27431057266701125
0.35926114306843	0.2421895644239938
0.7221376373758377	0.29225381959600166
1.0362088423716302	0.1419960056679782
0.3686519365650927	0.24902481781818467
0.4278209587540586	0.2868370091375735
0.8636090964740457	0.24771426802628246
0.34775386157493626	0.23352533469959683
0.44757655795564205	0.24600853302598802
0.3932918848872506	0.2658885861210966
0.929903276465619	0.2221796891303307
0.9680281664449957	0.20456287646228982
0.7956046022905826	0.30926217064505757
0.5787687513691514	0.301982061596363
0.9381211039808885	0.2185107337292441
0.6587154054347893	0.31611166092907267
0.5353522762593234	0.3330287047757206
1.063101701628083	0.13728213791725027
0.8580107081273056	0.2690310256206595
0.6677496702913056	0.3168437078491981
0.4744192912714449	0.3102503460883957
0.4929025833912394	0.3180645667213541
0.8496050888428494	0.2715822585780575
0.415589643750993	0.2797745711083353
0.4029363788532776	0.272055724346109
0.7576042621166705	0.3149717898222524
0.9745820961108423	0.18598456608573252
0.814570661526209	0.2806548920798885
0.8281498830476802	0.2774394559402821
0.7253935732994772	0.2921528436609075
0.6378483371496602	0.3137622388623721
1.1369043827470044	0.13524751845758634
1.1151869124341924	0.13428748823472314
0.7225889478950122	0.31765949172324043
0.6284747166338184	0.3124043294320582
1.0308647341601638	0.16230290406788864
0.40373241257009934	0.27255376890535593
1.0081987584907504	0.17106300413380005
0.3669907517954525	0.2478316500453848
0.8217979853845018	0.27899122832783707
0.9777363200044132	0.1719237327472933
1.0264549741854605	0.16387549098734028
0.5723870197545191	0.3002408245664903
0.3867513213632316	0.2615665962017923
0.36485362488157397	0.24628646107807434
1.0332993856997905	0.15096777451524673
1.0212268553653225	0.16583107854338894
0.7936315839750697	0.2848592059897278
0.9059366447677917	0.23231107208196805
0.6032524000943218	0.3078021768846015
0.8967441347141794	0.19405030399867154
0.5631316885363874	0.2975477021254826
1.0377637522014556	0.1497008707958823
0.3567591588426522	0.24033209215636603
0.37526086562833655	0.2537024359082274
0.9701792525788269	0.1880052051501115
0.9520229152635572	0.21212214709834756
1.0100780662585822	0.1702810237104286
0.6114488467653042	0.3094508332858197
0.9996593471645142	0.153065756148149
0.9119039789585195	0.22987488530540393
0.9798082815328165	0.1989354578251846
0.7530521181327058	0.290384234837403
1.0572169658320743	0.1452819736717903
0.7725996107680555	0.28815616443439906
0.7476883114830756	0.29085426208840315
1.0497663306538911	0.15654911230940666
1.1205626557636357	0.12381105207555286
0.3644236511586041	0.2459742060013886
0.6049163495973254	0.30814890104206527
1.0850711737900618	0.13102598818656414
0.6831595351219715	0.31769922953831914
0.43327500848709644	0.2898609869123183
0.38408991685857075	0.25977575886543247
0.39205351021153473	0.26507891957370255
0.5529243274428285	0.2943442192246374
0.6266137618577824	0.31211220541099854
0.8155468424889243	0.28043653707227817
0.5793619353804158	0.25148287646020395
0.8767675505055674	0.24329532284578156
0.8210964636659561	0.2791574743866316
1.1127198259100097	0.13378963707754002
1.0373341798983033	0.16013942640650966
1.0063674439602752	0.1718326453454732
0.36330751184105264	0.24516150675297108
1.1540369231712109	0.14289318352606667
0.350479966082033	0.2356054683477539
0.8539288171923166	0.22047235743386423
0.8609823284662201	0.24855475067133886
1.0140213103310882	0.16866809943505257
0.5304038252799618	0.2863916751741461
0.8463079062846127	0.25299008781621785
0.6994130300742252	0.3180690065075997
0.6616715512737545	0.28996898272889127
1.0519291109742168	0.14629125922113823
0.9038981477296085	0.21695556841071426
0.43592797606570954	0.23885353764180953
0.7953323238536211	0.2845519732733937
0.669836354685792	0.3169884988207378
0.6394607140833735	0.3139768006434752
0.6564481017115632	0.3159010288556675
0.6247616223472175	0.2846058341884728
0.5532154429904413	0.33813471458279554
0.33389094646007705	0.2227044484864705
1.0532443729123317	0.14602595498776355
0.7069922055749774	0.3180558294116023
0.4709347724411995	0.25924092115300124
0.9463722046761237	0.18558768581049753
0.6575309913427306	0.31600297963015483
1.0172935665951544	0.1673608888760606
0.9058267819204884	0.23235535283741324
0.620522114194179	0.3111034407022763
0.9950567998107854	0.1646488408036828
0.40713987711500854	0.274666770697017
0.6462301581749801	0.2880989436248669
0.6451479382550115	0.31468927499825783
0.5811424441713958	0.3026058229251244
0.3362345330518483	0.22456051597218984
0.9986237896538687	0.17516063363946152
0.7105089574711321	0.31800979063418794
0.9844108980917351	0.1690748079647339
0.8419388506207648	0.2542244895975109
0.40877101543195565	0.2756674158992395
0.9800790183978831	0.18346988063667058
0.4004900469596058	0.27051468344306256
0.9330496383108196	0.2207854902424024
0.8447272281948306	0.27299688348961343
0.39105919301503717	0.2644258942649018
1.0226025169823258	0.14557840581541914
0.5994195039961484	0.3069800646811651
0.32643530635029105	0.21673612557400065
0.4273724248747953	0.2865848996318615
0.8357437670022158	0.2754746352612064
0.3797129951153014	0.25679028365803663
0.9745169471771119	0.17331237396721277
0.9548125628017337	0.21081730130684703
1.012688068014897	0.1692090319860868
0.31499167060227806	0.20742055616907895
1.1099919823956097	0.1289582442421009
0.35588914177502445	0.23968269225126101
1.096158125393013	0.1315851928062443
0.9743463916569471	0.18609263873131096
0.6549259274154751	0.3157535412068984
1.0687668587458512	0.13674087767514806
0.9719216565955774	0.20270493331789036
1.0520753101219442	0.13880349885167464
0.5201282054908848	0.28234917669735893
1.0331062305078562	0.16153303590918439
0.6713782050487631	0.31708964539513707
0.5227870002552126	0.32902089054007516
0.3677815096260995	0.24840048786377394
0.4387682774389172	0.29282937235092954
0.48347985315841957	0.31418220645460343
0.9440680843654896	0.21580322433599844
0.40724819225518843	0.27473343560839386
0.8011198120556482	0.2834610517283791
0.9925402421386078	0.16567916138611175
0.6570495703625123	0.3159579603363231
0.654825862823804	0.3157436744551323
0.34227338717146716	0.22929435860962497
0.39010752907393953	0.2637984416990041
0.9700710553092264	0.20358853198139037
1.0514363485679394	0.13295882308780554
0.7202250683274853	0.3177514252835053
0.876925072992534	0.2432403414608128
0.5396666293169287	0.2600339227820236
0.8492717951630064	0.25213006932668647
0.8783402540634461	0.2427442087073468
0.9809660006865514	0.19838244506905509
0.3732146557946653	0.252266106690734
0.5130090158838941	0.27939299910780907
0.3526175283623604	0.2372247668317717
0.6135532829418759	0.3098502096346838
0.8337042077527768	0.2564423745998147
0.542220291130336	0.2907178649755435
0.8587371870338497	0.268803819225746
0.5240528696850811	0.2839242638703536
0.996714486632479	0.1759971534557435
0.5432781045959998	0.2910885335063705
1.03454004878734	0.14239569279213224
0.32879058634023267	0.2186314303988699
0.5159553478717741	0.28063199039798403
0.7370002400070195	0.29160880186381655
1.1140952847693268	0.12960024237171616
1.0231005770485573	0.1541640571661582
0.47941791872664535	0.31244379462437116
0.38554722810569114	0.26075867206913056
0.6936596674174415	0.292166857195419
1.1625157377598307	0.13091132856184412
0.614085241737454	0.3099496230550842
0.8759133324170298	0.2435926291234391
0.49892948829899747	0.27316551616598983
0.6031030660757903	0.3077707587749683
0.2972967821524918	0.1387436868643819
0.45716602142188945	0.30221348432926826
0.5958523227010004	0.30618547301862653
0.6988768586167459	0.31806547907462235
0.8916310833786165	0.23789619160176867
0.3752383560242649	0.2536866939079484
0.7622464773366785	0.269605795054423
0.5435840707855157	0.33546709888351517
0.7126994982853944	0.29241827462635367
0.6677294280550831	0.316842258727863
1.0633665328860678	0.14430876683395416
0.5278106437315642	0.2853963042036728
0.8034568218647964	0.28300064702270433
0.36750319318946556	0.24820045786476316
0.9283755185321976	0.22285172444975687
0.8506784321255144	0.27126446711148
1.0180154336688916	0.15589903559398474
0.6099554148204133	0.3091614997087994
1.001879014045534	0.17374816698354262
0.6749962884397778	0.31730754022959284
0.6900271771159305	0.3179218959295452
0.977013775113165	0.2002711049925866
0.684653823524106	0.31775597427932534
0.41672287958329013	0.28044533364133933
0.42052184909370954	0.2826694153481223
1.0346905864145244	0.1505638396734262
0.8680987671303664	0.24624541680826603
0.3223312687276507	0.2134140226908238
0.9988009186920545	0.17508331832690094
0.800846536948438	0.28351414181233153
0.35974671215618725	0.24254830633116217
1.0449165179717133	0.14010387127575868
0.6041305197276666	0.3079859204682774
1.0442956943437016	0.13401198654890029
0.6011466682988876	0.30735457329350635
1.0315482531576463	0.15148763061652384
0.5653942602751008	0.3412257178020114
0.9456178146865823	0.2150911187124554
1.0430791007460951	0.14047544225982803
0.883046859618484	0.18845529174916412
0.9209312692825842	0.2260777961210173
0.6436237700262705	0.314505097289402
0.5727206485373194	0.3003341833574956
0.6808286577720324	0.31760148738467275
0.317784285278513	0.20970789231040807
0.651309889931734	0.31538355751585284
1.0179656526532366	0.16709617085152642
0.4448264120285395	0.29601369798354027
0.309427814152359	0.2028442199187247
1.0570339480102187	0.14531431476968862
0.9975105648510898	0.163655263894303
0.37181044435670635	0.25127421951243356
0.9483507974848676	0.21382918922256353
0.9925885536483862	0.17782277477344005
0.5417331460224534	0.29054625188636835
0.3316253985404062	0.22090074577249505
0.3211395304200869	0.21244507301257892
1.0232738493421252	0.12759191541146525
0.956069316060522	0.22965187222938985
0.3874172715156267	0.26201180169230875
1.1106737784839162	0.13341386440559388
0.32405969733963014	0.2148160151536489
0.9717285651978544	0.17452093349268785
0.4243907638497782	0.28489571820424686
1.0124301358783196	0.14869905229980046
0.8230981970009796	0.2590881536416892
0.9277954350489658	0.20706492509754185
0.621674674213874	0.3113004891764183
0.46207631186800197	0.30457505661870155
0.3562048731874704	0.2399185685059671
0.6973102409368779	0.3180517909869875
0.7827374543718094	0.28668312832148224
0.6310995984902126	0.3128036502758608
0.39753502665876234	0.26863211690586425
1.0697093105672006	0.14354992577926926
0.3964200248862554	0.26791578410738714
0.4819286706091714	0.26495767683066057
0.5366938760252423	0.25884990782973843
0.821246841104486	0.2791219241879718
0.8443068742917498	0.2731165148087783
0.6126044659839528	0.3096713500791929
0.4067747631742447	0.27444182543899903
1.018348044190787	0.16694615166209015
0.9600108969117717	0.1796347322239089
0.7747609567925948	0.2878602782271483
0.8260439321525993	0.2779632145885806
1.0861859209231042	0.13105303395666143
0.797853068842811	0.2840854507778294
0.35376718564862736	0.23809133679539882
0.8139810603721722	0.2807858136324275
0.826890334198224	0.27775381556112166
0.46102885330408777	0.3040762839294883
0.3597771161474176	0.24257075003901235
0.4029363788532776	0.272055724346109
1.0178374601759017	0.15596131159241183
0.6589966434281069	0.31613703344962396
0.9322377469505208	0.22114653879096532
0.6269623305107479	0.31216749241845276
0.9450768616615898	0.2153399808569618
0.4240429292162112	0.23117463611689237
0.4649122759847142	0.3059119297056853
0.994745150385149	0.17686564525856927
1.0577600022306992	0.14518713449385665
0.6037006347557673	0.30789618251179407
1.0769849660882256	0.14301903013776823
0.9030075528684597	0.25300689289399314
0.9542882585977714	0.21106303791914524
0.7075712045068195	0.3180499878411463
0.37207481948053023	0.25146134994605696
0.45679458541938933	0.3020324167377367
0.6282224363386498	0.3123651665148871
1.0588161187154463	0.1450075261987071
0.9643521407352532	0.19068123922864444
0.3841137041696235	0.25979184735625854
0.42979028851451595	0.2879377568002808
0.43267773750696426	0.28953357276808195
0.9680281664449957	0.20456287646228982
0.7077012597787332	0.2924279323269342
0.8624734325890678	0.24807936275479137
0.8232325192882778	0.2786480903303638
1.020820343586728	0.18017127846250952
0.8643115043732283	0.26702516258109904
0.7266435652566325	0.29210805978887117
1.0876445777050423	0.13624290763466923
0.3917172912580634	0.2648583968815966
0.8656999630963789	0.2665724561593586
0.3447031606414992	0.23117809645618623
1.0411617860189892	0.14879542356290215
0.5554428801050327	0.2951575829451511
1.0112900116556838	0.16978115663354282
0.40915359586493283	0.2759011001002475
0.3197410321635943	0.21130577193962605
0.3102598960855915	0.20352991346877247
0.5775775451485272	0.3016641649154738
0.36215873754212197	0.24432183536040677
0.5496419206032501	0.2932614554722517
0.3782838237071532	0.2558046509953867
0.9385307840859081	0.21832555828236944
0.9615533164284622	0.20763992784099394
0.7346925813901435	0.2917398349184344
0.4142099822346442	0.2789534022642099
0.42498087572329873	0.2852318629935757
0.8411128476256484	0.27401369956535626
0.9568067048360136	0.20988068979811647
0.9329482661378424	0.2208306187437458
0.656047313658019	0.31586266929940854
0.6141802811532978	0.3099673187914447
1.0303748997916795	0.1518429306303888
0.8071984815241304	0.2822397241496462
0.7903952958699253	0.2854270648311134
0.9613644463917673	0.19205161675085167
0.8868514730902142	0.25920694186845616
0.9323393476584029	0.2211014053710902
0.30074469373026547	0.1956759585175479
0.5208117152954665	0.2826262684649396
0.7450483430364686	0.2910631966868327
0.7343920595712291	0.3170306733762352
0.43971223846442137	0.29333168586946956
0.5397501358192615	0.3343497071905492
0.912731213004724	0.22953243039034765
0.8625903917097295	0.2675809845436281
0.684449049575599	0.31774847122662325
1.0203679909977017	0.16616104602166787
0.9102918876771149	0.23053897434834092
0.36156213378453916	0.2438844824429126
0.9184082939600848	0.22715211238160693
1.0143892351349584	0.1829124645610569
0.37207481948053023	0.25146134994605696
0.9926908827951791	0.17777722507400703
0.371766426446742	0.2512430453719848
0.39177950501192654	0.2648992247403338
0.852137247947215	0.25128130300293405
1.0096482805143479	0.17045913416819414
0.8035420145056849	0.28298364761314054
0.5456673804869155	0.26235436037782395
0.7095767356001224	0.29243060540269655
0.43489019511499505	0.23819818798035913
0.565733230272882	0.29832490180710525
1.0184528350722775	0.18116628332479368
0.5870290899137944	0.304097195109409
0.3550540073355637	0.23905764653132028
1.11316610115653	0.13387599159164534
1.024421282647256	0.16462502241952207
0.302201790690199	0.1968793548174241
0.37387140728138035	0.25272828201110786
0.9852315688627042	0.1811276111694863
0.706661392319756	0.31805885926879174
0.34950128665549857	0.17591759998447282
0.538614613372303	0.33401265255790547
0.47568054097780027	0.26174848673228257
0.7267994859704999	0.3174676093811837
1.0724020024706578	0.13648408645710933
1.0064274225996193	0.17180732349682834
0.8586582678932203	0.26882855268189254
0.4154202003593987	0.2796739881365926
0.693480508623284	0.3179970954211306
0.8100630239985479	0.2816373981088508
0.8445332535172762	0.27305213296788344
0.9501166040640078	0.23245575885945438
0.9743864909604687	0.201527101379329
0.8523406877785943	0.27076768924820405
0.6597603686302391	0.31620509532698754
0.4186208392874179	0.28156120065415435
0.45628891640902297	0.30178536262775507
0.9517054176234125	0.21227023125962308
1.0217444326123528	0.17978778495429684
0.4746888382765701	0.3103701578628711
0.9364081036591875	0.23876604795806544
0.6639701716610255	0.3165582749369838
0.9984158383876601	0.1901313619554723
0.9605414873217464	0.19242868388382992
0.3875993514945476	0.26213332420750124
0.3633594757497232	0.2451994117975851
0.3190194249763012	0.21071700513773692
0.39763790274660804	0.26869804416366205
0.40145945953673784	0.2711272456230361
0.9189026414155054	0.22694239657347212
1.0118279183600516	0.16956044899486053
0.566182825102288	0.2984576105766209
0.9593239578738018	0.20869421245951708
0.7805865306061013	0.2870137463498408
0.9675075968249045	0.20481094130023916
0.9709308692671845	0.18766004622974336
0.3318613969542932	0.2210890547240957
0.9692058907595721	0.2040013224226118
1.0095592823040809	0.17049607088758081
0.9793668871830032	0.19914636398733943
0.3898242830696373	0.2636112308490578
0.36217935472946217	0.2443369336284819
0.4167939157765138	0.2804872678652253
0.672657672928445	0.31716981593027344
1.0069517126641838	0.1715863047354937
0.8704301863433741	0.26500138269759066
1.0594883523505636	0.12017459387824186
0.354565135322841	0.23869099544456523
1.0240173905479961	0.16477561048270364
0.3693866148978494	0.24955029209321483
0.5147016779433373	0.28010748978972155
0.7223400912615663	0.3176697051367873
0.6023756193168828	0.3076170034647359
0.7404349810233838	0.29139278912267663
1.0350620948318576	0.1504573540740587
0.65706962521467	0.31595984547839123
0.547607147297177	0.29257728786408965
0.41988625568898036	0.28229994003437503
0.6263234157719325	0.3120659523360249
0.5805361113356965	0.2740356718845383
0.41581578799233504	0.2799086948471637
0.9351261807109212	0.21985807614283495
0.9033094143749565	0.21718809385788987
1.0676661355402266	0.13683276692368246
0.8231658542183368	0.27866413119835276
0.5731248520117047	0.3004469457724902
0.6182228559601795	0.31070169454271185
0.5019314094636301	0.32158999661772075
1.024969225868643	0.15354901481961034
1.1086919391492294	0.1287741830347306
0.693885878723478	0.29217444324269054
0.8127163084210117	0.2810642079251913
0.580427289436093	0.30241925240796186
0.5239452960584744	0.28388160541173535
0.861602169299206	0.2678974441866687
0.7402816788869716	0.31661131615308796
0.4764016209296019	0.3111273907839638
0.3723838378308503	0.2516798537212358
0.9696750961075022	0.15560288830675253
0.6024874739930531	0.3076407219811016
0.6130407447134544	0.30975383775609905
0.47330078228958417	0.2604986531832208
0.34347793076815686	0.2302297613576506
0.398204769224837	0.26906081421379113
0.422776948326352	0.2303344538680111
0.495358342398349	0.27150442511391604
0.38438750459322907	0.2599769249679169
1.0322125220015854	0.1618375069059394
0.4786701571818682	0.3121194803748606
0.6156075653943494	0.31023068719737895
0.7107166793265125	0.2924285331973261
0.36264403037658766	0.24467694555706057
1.028435278841314	0.16316009551967584
0.5672742263608787	0.29877779928664594
0.4066127128192461	0.27434187419701345
0.6716624261409093	0.31710774928283103
0.6092303265479421	0.28141907556206125
0.9467829400817795	0.21455406635813953
0.646218377837458	0.31481566999141586
1.1164608972690322	0.13456472697891905
0.41774817798914815	0.28104930833642244
0.6785623767729556	0.3174956574512766
0.6435842160073575	0.3145002517965094
0.7500280465022984	0.29065673146534277
0.39776658025032435	0.26878046668230965
0.913257704837829	0.2293138857581424
0.6044297583284742	0.30804814392540086
0.49945806902486733	0.3206430199444447
0.7965676708403554	0.28432500827271534
1.0025327237676271	0.15204465214714277
0.3804440218459104	0.25729238716253
0.41756267638756295	0.28094023850677696
0.6203493978393655	0.31107366277266374
0.8129694020809418	0.2810087645366973
0.9157730913873611	0.2121464545882641
0.8792811804617194	0.24241217314827054
1.020074037077238	0.16627451598915782
0.35088763883538454	0.2359151032426453
0.8041211358503771	0.28286768676350205
0.9554195695824139	0.21053252781472337
0.3698639249293305	0.24989095371802333
0.7563548141524795	0.2900645021881645
1.110684814991602	0.13341580447380771
0.6037940608347533	0.3079157199980574
1.0139043324871528	0.16871537358412905
0.35763471447896666	0.24098380939759712
0.5092750701346483	0.32431897286463474
0.30743861695181235	0.20120363369771466
0.9258399341941018	0.2239597414354995
0.4419612597710425	0.29451931825115385
0.37639050519212974	0.2544907679608543
0.640287769336988	0.3140847005499623
0.6246996375847419	0.3118039115944882
0.3014827769975986	0.19628549821325517
0.978673845161792	0.18411146542023638
1.037715311257705	0.14971415368099464
0.660283775147942	0.28982265369085564
0.27546799164251645	0.17512964179962204
1.1385397944836897	0.13116491202361166
0.39008288044067374	0.26378215862919346
0.5503559254934377	0.2934991768570722
1.0703144176529706	0.13662273011418943
0.9366550924995514	0.2191716698321181
0.9777440592755079	0.18453651935264748
0.5861605396456223	0.3038821095532515
0.6120358616639747	0.30956321537580017
0.8732472788565773	0.26404469358215643
1.0021682591525467	0.1736235591474645
0.4317162184350815	0.2890045543441475
0.5789289977870464	0.3020245778527667
0.4063429328687416	0.27417532263083044
0.3953881153396056	0.2672499083133141
0.3129344006332157	0.205731022902787
0.9727686372094025	0.20230029727916674
0.6257237365588381	0.3119698434029968
0.7875653792917557	0.28590559454182585
0.8257782005370068	0.2780286499760931
0.40982492170885615	0.27631022114110787
0.4133559508895188	0.27844258221317186
0.35525004966249113	0.23920451946595078
0.8150588885406232	0.28054593228848157
0.6325617972182375	0.31301964968028867
0.6393623091728077	0.31396386511393476
0.8960167751831012	0.23622335225922103
1.034715555389356	0.1609933062632664
0.3462056975775674	0.23233668876346875
0.9418433737757843	0.216820871923334
0.35216616553455243	0.23688371094669283
0.43367405917653434	0.2900792285682292
1.069954745306166	0.1312555241446886
0.3561653669213578	0.23988906712445804
0.8351372768976946	0.2756359319314751
0.6418258646405004	0.3142814787684734
0.34292329629993856	0.22979942972392045
0.5544321968453393	0.26557783920295774
1.0056163648466048	0.1604616477470908
0.6753830427455854	0.3173292199878307
0.8173280527287803	0.2800329942714234
0.675953186291278	0.31736061248347025
1.0023279795204831	0.17355481672440418
1.0199520771840007	0.16632167340335685
0.41069144793522666	0.27683654704471533
0.8050742609042277	0.2826753092959334
0.5748159366410441	0.3009146188237182
0.6479058664342665	0.31500997924275215
0.3817166881284637	0.2581631946059044
0.5712903259490878	0.2712331418131789
0.6385558250968653	0.31385707056063067
0.37396067427898033	0.25279101645388863
0.3558595792745127	0.2396605946618461
0.3595846687426143	0.24242865089782917
0.9803638238245928	0.19867005674524535
0.568142426438411	0.2990305214629777
0.6298929590062153	0.31262193211156336
0.3825510689314371	0.25873181793015465
1.0293862706944472	0.14370177849843072
1.0868123841865887	0.1362186111110891
0.6258397645700002	0.31198849968909725
0.950505824738382	0.19700356218402634
0.8032554540404087	0.30776335417494133
0.559387792131074	0.29640132448829754
0.39180439674927153	0.2649155571180101
0.41883599223630374	0.28168710053418633
0.37689013896908174	0.25483839303914174
0.38723538764821425	0.26189032309591725
0.3773685462603014	0.2551706449943246
0.6944950605695742	0.2921943205290229
0.7303261359051694	0.31727919553596645
0.5085181733947781	0.3240433943881931
0.9611169346086731	0.19216504408610255
0.6544857162443646	0.31570997668173506
0.875676490163419	0.24367480685486237
0.8790912390237068	0.2620104462947487
0.3359643551421834	0.2243470619951664
0.5112528604590911	0.27864400254236255
0.35254059289910405	0.2371666665258187
0.8822652791488812	0.26087776275130126
0.458639959579026	0.3029286271407829
0.9457042764389835	0.2150513137863165
0.39869576541794005	0.26937434447704284
0.5025084381449302	0.2747969503743354
1.068889170612226	0.14363322502342551
0.938491629564189	0.2023901341995158
1.0613310608946727	0.13186038651657803
0.37444137019339646	0.25312848500486135
0.5838158846176212	0.30329292151645115
1.0350803582618673	0.15045213436896382
0.4226446990129396	0.28389580326925434
0.9614709877731578	0.17899591923186814
0.3458032888617256	0.23202687247251433
0.4049595693221139	0.2733182712677007
0.5442900656331585	0.29144059882166684
1.005932230473106	0.17201661151978845
0.5035964184057425	0.32221955389808865
0.96265141674028	0.19146156815859602
0.6233300415189128	0.3115784430246644
0.84995774213085	0.2714781049440739
0.40328091229847135	0.27227148970825454
0.7808815956909169	0.2869689681466305
0.685964943462366	0.31780195996337046
0.4909470663881443	0.3172760185708906
0.5860520778804521	0.30385513002788506
0.9209429598608029	0.22607279510398942
0.8684038533534485	0.265679835568989
1.0467770514102843	0.13974315292063022
0.8679696985143869	0.2658241399369101
0.4006599810818166	0.27062224257994827
0.8073003282896938	0.2822186028278637
0.9506658532908663	0.21275446038736737
0.5086176777408293	0.32407969732504194
0.3915680690785341	0.26476042804010325
0.7426363008840203	0.2912411594804567
0.6930690989711883	0.31798942526849905
0.6007376108228589	0.3072664768556956
0.3963178424925761	0.2678499727819752
0.5765134043482142	0.3013774196029215
0.39270287623248984	0.265503988514462
0.6715000066874908	0.3170974243552598
0.40207781249885716	0.2715166799499186
0.7887182933827912	0.3105113891289495
0.8987764682144638	0.23515264611786954
0.6651815584443067	0.3166530167258888
0.45319187409782097	0.30025836246616583
0.3773799546134518	0.25517856082437573
0.44320562393399304	0.2951708994355799
0.4619215172839592	0.30450151759976224
0.6136862309234189	0.30987511342580354
0.39602439245001614	0.26766082080517994
0.6205988910940133	0.31111665689190315
0.4360413992461975	0.23892498644922766
0.9991471531010166	0.17493233677953407
1.0141820829445596	0.16860318603597052
1.0002601350867806	0.1528505506664438
0.7390435465194383	0.29148332032479973
0.564266774289118	0.29788875461807174
0.8254791423300591	0.27810211677384983
0.9549801400772514	0.210738712685722
0.6411747951017926	0.31419879992449934
0.8250635908012036	0.27820389341958807
0.33883184292736507	0.2266053905310008
0.6470518105145517	0.3149123932277273
0.41668026968093536	0.2804201737364873
0.5864684475097732	0.3458437716632966
0.5973465921389768	0.30652178917419814
0.6556622848086556	0.2893044884327647
0.8606121404735493	0.2682125180541331
0.3580045088992302	0.24125851482609686
1.0816199429477948	0.13098164763443432
0.3517354361755233	0.23655780938810322
0.7717448353097366	0.28827046464887773
0.9367663976583482	0.2191215832847633
1.1176995302122978	0.13024505424159144
0.5908467635929274	0.3050223217699663
0.7810898428056992	0.28693725488253535
0.8180327859750312	0.27987150897358004
1.020138585884864	0.16624957612832472
0.8604705608064233	0.26825741453440505
0.6273885853998394	0.3122347439200267
0.8424118301274603	0.27365134550329756
0.6724748176731515	0.31715856729166214
1.036854227392882	0.16029361157187932
1.0173152687356664	0.16735232028715405
1.043296121286721	0.14043076891874234
0.9473745438955825	0.21428083730704556
0.6219823505019012	0.3113526022501376
0.328529108464417	0.218421447703718
0.6369648310243101	0.3136423083746965
0.3733257724528038	0.2523443804223575
1.0194865846206826	0.15538818875010113
0.661913683280424	0.31639039437615446
0.9495906004825899	0.21325426490692334
0.8143854008281822	0.28069610749384794
0.401262545848847	0.2710030187414181
0.6040557341871063	0.3079703385670241
0.7445275865170699	0.27115768790723693
0.6226751227741354	0.3114691875502933
0.9562419937927806	0.22957005575614556
0.42020381157372266	0.28248466959476437
0.7142445214710148	0.2924044277147243
0.3560271846616807	0.23978585018693593
0.5810708799921187	0.30258720586470184
0.6607258298207609	0.316289380706533
1.0672313792720118	0.1368708441668113
1.0327368301048399	0.15113340570570677
0.6376126424818893	0.3137304083287686
0.4168081259689564	0.28049565486667977
0.39354312778456585	0.2660523585707775
0.3312196235436328	0.22057674386795598
0.41435033370056373	0.2790371671445206
0.7302184287644125	0.2919615712776825
0.8732319282004543	0.264049949033406
0.8282326739539329	0.27741867778676155
0.6391261844819122	0.31393274156242984
0.43197527437604516	0.28914731879601296
0.7425203689355205	0.316433512778065
0.5276862065513572	0.2853481207272101
0.4089348864634062	0.275767557285594
0.3074841341262299	0.20124119213106742
0.9779768070990512	0.18443008168729283
0.815681402233159	0.2804062826214894
0.9784168150707837	0.1842289279226535
0.6124338305436657	0.30963897403562457
0.875605566746896	0.26323181826042924
1.0440010321796311	0.14028711397302368
0.62717542685384	0.31220116241245266
0.42603230105914774	0.2858285430692227
0.8877983719534365	0.23932876720830223
0.4128257632510955	0.27812449810486856
0.38867151390704846	0.26284713170621277
0.7800483258936782	0.28709495072516594
0.375666595524135	0.25398595774729277
0.40915359586493283	0.2759011001002475
0.879939757032726	0.26170955292908793
0.930881764159263	0.16207460229244636
0.8044275958107473	0.2828060385843393
0.5943805656199399	0.3058493276205968
0.991120268784974	0.17847774410885928
0.5945091823188148	0.30587889732349727
0.9265187977486468	0.22366399782348667
1.0237340818358047	0.17897199153652288
0.9284002161661185	0.24233914867047815
0.7910845757652559	0.2853079623810836
0.38535537556612304	0.2606295913220758
0.9965360313872499	0.1760756232223703
0.4962704694429035	0.3194017185303885
0.7621833973594742	0.25304187566514524
0.4070857423936767	0.27463344070831136
0.39573142318334426	0.267471751871059
0.42939803769479346	0.28771931000526213
0.2811948886725019	0.1796886852504766
0.8151935238600805	0.28051579773562596
0.6009792906813964	0.3073185711876276
0.6138002084860289	0.30989643278368334
