xy	0.0625	0.1875	0.3125	0.4375	0.5625	0.6875	0.8125	0.9375	1.0625	1.1875	1.3125	1.4375	1.5625	1.6875	1.8125	1.9375	2.0625	2.1875	2.3125	2.4375
6.250000000000000000e-02	4.545007588944882104e-01	4.794664721354629511e-01	4.733916483902046446e-01	4.367572431771837294e-01	3.763055920333754356e-01	3.028587052137648450e-01	2.279388254042074846e-01	1.607204673621326074e-01	1.064281020858175719e-01	6.638025225916696637e-02	3.912392299671194063e-02	2.186788088805008412e-02	1.163466446138354364e-02	5.915069944138723161e-03	2.884896806012153363e-03	1.355118129494808747e-03	6.154544896977591018e-04	2.712945608663913568e-04	1.164933021148289197e-04	4.889603879227281410e-05
1.875000000000000000e-01	5.700148682427353952e-01	6.287867975058153425e-01	6.489112896859516866e-01	6.251619810555651968e-01	5.615765755184668473e-01	4.702698399695215969e-01	3.673909993750481551e-01	2.681902143145276640e-01	1.833553327202158134e-01	1.177432980523364231e-01	7.125580176721944825e-02	4.078834164587841205e-02	2.217029112380070055e-02	1.148883659457708081e-02	5.699449904581098923e-03	2.717898012393426405e-03	1.250986443601571213e-03	5.579929490505483201e-04	2.421234216889994056e-04	1.025809968087898857e-04
3.125000000000000000e-01	6.427888618316681679e-01	7.419415788417798030e-01	8.014149196227075000e-01	8.078310906735032271e-01	7.585266916289821193e-01	6.629317550725267738e-01	5.394137146142020667e-01	4.091255474719395768e-01	2.898464597851826419e-01	1.923348891191318799e-01	1.199412813251976156e-01	7.055349344057490479e-02	3.930502139661679745e-02	2.082448531616033771e-02	1.053792054663632398e-02	5.115161239929145141e-03	2.391905142092431297e-03	1.082006203962022125e-03	4.754229715067525707e-04	2.036945307760192514e-04
4.375000000000000000e-01	6.485494323109360915e-01	7.830790363779147611e-01	8.856972811989153316e-01	9.352096594883271274e-01	9.196096875487808076e-01	8.408995347296620571e-01	7.147841746473752034e-01	5.651971560429381869e-01	4.164337063329866528e-01	2.866184428392462569e-01	1.848680640327930169e-01	1.121580923082064196e-01	6.426576394918709356e-02	3.492845412101844987e-02	1.808651070415928652e-02	8.962928154178557288e-03	4.269720595860310164e-03	1.963838386686819586e-03	8.758263607742015422e-04	3.802878753324001365e-04
5.625000000000000000e-01	5.839522167677234643e-01	7.366335810236112058e-01	8.718939159349242685e-01	9.645229354263306076e-01	9.941554159105152610e-01	9.527267989554282224e-01	8.480128245281434163e-01	7.011112917096029573e-01	5.390370449465362590e-01	3.862022782840578428e-01	2.586121547286316380e-01	1.624334435658955356e-01	9.608487758064522544e-02	5.376327737928456724e-02	2.858542747976697967e-02	1.450914913530651322e-02	7.062938014879932731e-03	3.312489887306063318e-03	1.503418406225522693e-03	6.631692718783615322e-04
6.875000000000000000e-01	4.691480526207522650e-01	6.169643811892444596e-01	7.629719110279951089e-01	8.834450032393800223e-01	9.543304227921823868e-01	9.591132995185340793e-01	8.952359348915790438e-01	7.755803883536962484e-01	6.239541667268666547e-01	4.668695061208247288e-01	3.257234843625813059e-01	2.125933950152424090e-01	1.303160052266579549e-01	7.534930268179139412e-02	4.128537791873180401e-02	2.153813915952334027e-02	1.074944833209192860e-02	5.156799697982765440e-03	2.388887910076339070e-03	1.073434580856323173e-03
8.125000000000000000e-01	3.370562787846733133e-01	4.607772386887891702e-01	5.938943136195479200e-01	7.184011400288327076e-01	8.123026577391214698e-01	8.557280374731894845e-01	8.378918047879749809e-01	7.615407342673382596e-01	6.423261760213594407e-01	5.032316977508334288e-01	3.669282187916832472e-01	2.497161097643866290e-01	1.591994379589429243e-01	9.547445719281764942e-02	5.410899592058253382e-02	2.911846533600154219e-02	1.495204849385741580e-02	7.361654178718804106e-03	3.491922126510839733e-03	1.603180599897445144e-03
9.375000000000000000e-01	2.174670157171375295e-01	3.080258328883321295e-01	4.125161845337005917e-01	5.198862489930797803e-01	6.139487418754510095e-01	6.768888498232220607e-01	6.947120232496815095e-01	6.624270764955720869e-01	5.862939185091353700e-01	4.817451151101736495e-01	3.679627102622621826e-01	2.618661900017106858e-01	1.741935799110336525e-01	1.087315592997716851e-01	6.396848321606263266e-02	3.563876274200764027e-02	1.889546915676000235e-02	9.581220349392705407e-03	4.669154108305818320e-03	2.197281908085632011e-03
1.062500000000000000e+00	1.267369711334707660e-01	1.853429051795762172e-01	2.570255854555852371e-01	3.363941293476170880e-01	4.136960241495388213e-01	4.761821399483412987e-01	5.113277302648062683e-01	5.109540961625911315e-01	4.744046340982256416e-01	4.090527420351305343e-01	3.277354000442532223e-01	2.443964110896363895e-01	1.700720806837169585e-01	1.108255046949046668e-01	6.790478118942429309e-02	3.930072839543762020e-02	2.158974079731773577e-02	1.131361092649211218e-02	5.683591230636054516e-03	2.750656880188571528e-03
1.187500000000000000e+00	6.717928797011443742e-02	1.010765467465674500e-01	1.446277142937726357e-01	1.958878282317505493e-01	2.500341024485865371e-01	2.995523032308350930e-01	3.356592843489094036e-01	3.507824073634089324e-01	3.411946229073866688e-01	3.085374079178915818e-01	2.593646686604902940e-01	2.028715933917966674e-01	1.479418501893028925e-01	1.008729023172194039e-01	6.454536040230096638e-02	3.892391627789187902e-02	2.222596428975135222e-02	1.207616640729230854e-02	6.274640821650630945e-03	3.133233836491363181e-03
1.312500000000000000e+00	3.263596978654111774e-02	5.034604941072855222e-02	7.406946247421446194e-02	1.034506444778040407e-01	1.365691941174936030e-01	1.697207243022826606e-01	1.978328881069053025e-01	2.156258821054560237e-01	2.192281992881434105e-01	2.075826922906292005e-01	1.829308502101796297e-01	1.500754063052705534e-01	1.147667515868805721e-01	8.199363384284441558e-02	5.489739516526426916e-02	3.457765173670418468e-02	2.057847466773601863e-02	1.162684643915619896e-02	6.267275096329646619e-03	3.239058144225157813e-03
1.437500000000000000e+00	1.464686908727852802e-02	2.309215225626140913e-02	3.481372362783034802e-02	4.996632214852964743e-02	6.798219975672388504e-02	8.732988106524838812e-02	1.055330215572289204e-01	1.195847668252807278e-01	1.267293260423151546e-01	1.253555818757789431e-01	1.156042270930255356e-01	9.936836002214513575e-02	7.966197534323045393e-02	5.965853996824262845e-02	4.183997741429151124e-02	2.756994690430924697e-02	1.713658023738607802e-02	1.009225609652292070e-02	5.658404356271866734e-03	3.035059496131257278e-03
1.562500000000000000e+00	6.121575169809753691e-03	9.834152663161298963e-03	1.514511114685981527e-02	2.226432472659753761e-02	3.111392166813323895e-02	4.117259424223805586e-02	5.140387006713378198e-02	6.035416236199164786e-02	6.645673424673374796e-02	6.847628575441100374e-02	6.592610078122322637e-02	5.926168173697309721e-02	4.974379411647288779e-02	3.902845721706847681e-02	2.867540975867597861e-02	1.978301652457677140e-02	1.285943193508369206e-02	7.907773288938034842e-03	4.621019760205942982e-03	2.578296865775696681e-03
1.687500000000000000e+00	2.401361188722147579e-03	3.920172932061116201e-03	6.149510122850298903e-03	9.231465366004453638e-03	1.320885206611368233e-02	1.794637389111108580e-02	2.307106635058516625e-02	2.797306776115273882e-02	3.189858000954286232e-02	3.413125188127312526e-02	3.420789590699423871e-02	3.207953941071863685e-02	2.813940246152308797e-02	2.309882492839334875e-02	1.776694952150035395e-02	1.283205938592202333e-02	8.727434955975313727e-03	5.609531448231106811e-03	3.421366501915762762e-03	1.989103375854192699e-03
1.812500000000000000e+00	8.907896205665168056e-04	1.474132065186922443e-03	2.349318281380905534e-03	3.591408107723259927e-03	5.246144416071019112e-03	7.295940192310435696e-03	9.627162058673447917e-03	1.201499799516765957e-02	1.414297100629762112e-02	1.566443462161323449e-02	1.629398253982579023e-02	1.589675472433296072e-02	1.453679872221371600e-02	1.246020389595729229e-02	1.001889798078927328e-02	7.568835696935975396e-03	5.384645066643201777e-03	3.618404921844122282e-03	2.305120780052643918e-03	1.397932840717968934e-03
1.937500000000000000e+00	3.146593070207329037e-04	5.267154375846888354e-04	8.508354985637089614e-04	1.321244501144414009e-03	1.965122052463508500e-03	2.789602798689005524e-03	3.767121065915523051e-03	4.824662142639280990e-03	5.844141426913920627e-03	6.679353046685191156e-03	7.188804726530963023e-03	7.275288642281070757e-03	6.917022694429147099e-03	6.176392570583640398e-03	5.181527253354525735e-03	4.088404388157963580e-03	3.039497143733551916e-03	2.134456488783359994e-03	1.420306080792459831e-03	8.988828653728112147e-04
2.062500000000000000e+00	1.065133628490130715e-04	1.800112684095918835e-04	2.941404044607122902e-04	4.629725731225943302e-04	6.994630558179796816e-04	1.010947251101566510e-03	1.393411403699015621e-03	1.826198849322381752e-03	2.269753584801729399e-03	2.669006920785976789e-03	2.963453121273976112e-03	3.102022447505401511e-03	3.057879283521155230e-03	2.837175669052146524e-03	2.477751331342157529e-03	2.038083912254413498e-03	1.581079478436001528e-03	1.159101488840216191e-03	8.051603977401383195e-04	5.316891673400536093e-04
2.187500000000000000e+00	3.474600882222615516e-05	5.919437325817079366e-05	9.767336499559720736e-05	1.555320012474448296e-04	2.381946138497016501e-04	3.497245268225778457e-04	4.908024375236845266e-04	6.565543833573274932e-04	8.350537544719031273e-04	1.007505448708161892e-03	1.150831870769084605e-03	1.242527799222766091e-03	1.266508900148545719e-03	1.217863141773892557e-03	1.104532977502368628e-03	9.451266320634059718e-04	7.637119100705516131e-04	5.836668500133771137e-04	4.228070177433809079e-04	2.911242131381748337e-04
2.312500000000000000e+00	1.097621372539870155e-05	1.882665158564111047e-05	3.132618274819000528e-05	5.038634130045490685e-05	7.808362979620698423e-05	1.162329402352403271e-04	1.657300921903612754e-04	2.257616833784459223e-04	2.931160851201790839e-04	3.619327074301942077e-04	4.242090199483430435e-04	4.711808907664988364e-04	4.953288345560254808e-04	4.923963560987840117e-04	4.626618191609562511e-04	4.109262865055153730e-04	3.451952551942335471e-04	2.745713467692127751e-04	2.071467898459875630e-04	1.485731191289360337e-04
2.437500000000000000e+00	3.371560463751823779e-06	5.817218650354183088e-06	9.750720454306247684e-06	1.582224819815221820e-05	2.477547151956472864e-05	3.732858223022430497e-05	5.397427710740210362e-05	7.471672135401526528e-05	9.880544318505225560e-05	1.245668002664424684e-04	1.494482365070395891e-04	1.703533314993614493e-04	1.842486182824628813e-04	1.888945072006674225e-04	1.834570534791016966e-04	1.687631208292306780e-04	1.470880901031954924e-04	1.215547261847855988e-04	9.537139139100145552e-05	7.117215257217077422e-05
