xy	0.0625	0.1875	0.3125	0.4375	0.5625	0.6875	0.8125	0.9375	1.0625	1.1875	1.3125	1.4375	1.5625	1.6875	1.8125	1.9375	2.0625	2.1875	2.3125	2.4375
6.250000000000000000e-02	2.713487435460595343e-01	3.171600609379192637e-01	3.512075790042885615e-01	3.676467812305603267e-01	3.631970114932439597e-01	3.382189129815109108e-01	2.967198979618117516e-01	2.452406879489121561e-01	1.910696178014671398e-01	1.404889619857321026e-01	9.764892650469998714e-02	6.429738225379887095e-02	4.020886580916360059e-02	2.394986474394637105e-02	1.363031108185146743e-02	7.436850629576875066e-03	3.903693053177505114e-03	1.978458880488274951e-03	9.716729466050419949e-04	4.641143694230008792e-04
1.875000000000000000e-01	3.701560095504257686e-01	4.383037603560602236e-01	4.917415150982121230e-01	5.215152813336115800e-01	5.218891288055557132e-01	4.921758346264858419e-01	4.371143124090549059e-01	3.655640701018669225e-01	2.880346537839308940e-01	2.140457388482170931e-01	1.502620444734406036e-01	9.985804846640887467e-02	6.297978504854796766e-02	3.780508449857172826e-02	2.166703762206371314e-02	1.189627876315357997e-02	6.279300594758477523e-03	3.197897516649999151e-03	1.577067177934377224e-03	7.558581277087266089e-04
3.125000000000000000e-01	4.632793828409838555e-01	5.558392103513098981e-01	6.319803687404300652e-01	6.792891526556389392e-01	6.889129788650227848e-01	6.583115960567461622e-01	5.922547175785234375e-01	5.015453596731627162e-01	3.999577324782806476e-01	3.006440110129117160e-01	2.133522697507886368e-01	1.432310111199155966e-01	9.119073737894249632e-02	5.521747914849492456e-02	3.189925212069191079e-02	1.764104968205184795e-02	9.372090223331731168e-03	4.800470160278559779e-03	2.379295125301442420e-03	1.145262537171972241e-03
4.375000000000000000e-01	5.292859327796970437e-01	6.434600731930154582e-01	7.415159087130727134e-01	8.079574769664801259e-01	8.306876530750153531e-01	8.046663303044917503e-01	7.337095565561370103e-01	6.295475933953157410e-01	5.084651051036628289e-01	3.869136072587774366e-01	2.777951447037864119e-01	1.885621890619030849e-01	1.213004248995597084e-01	7.416043168178322598e-02	4.322570517652801064e-02	2.410071633774871214e-02	1.289921290191170349e-02	6.651354987909272563e-03	3.316307453516752907e-03	1.604630684283416290e-03
5.625000000000000000e-01	5.498126332469804867e-01	6.771876857301012409e-01	7.909220453457160849e-01	8.736670096674360453e-01	9.107723073333964248e-01	8.945865024578845137e-01	8.270530815047996143e-01	7.193790964799142706e-01	5.888154791148536571e-01	4.538841589862038783e-01	3.299539827109646550e-01	2.266379358560327573e-01	1.474397904550991123e-01	9.109706885080157135e-02	5.362235366185735125e-02	3.017095110331793548e-02	1.628384897368504586e-02	8.460912218280823224e-03	4.247704573921661647e-03	2.067990736031098068e-03
6.875000000000000000e-01	5.179602102283101805e-01	6.461302376963319327e-01	7.646789222197647451e-01	8.562296891047072034e-01	9.050493781595478904e-01	9.015156081089242823e-01	8.452632532719810410e-01	7.455754233684416254e-01	6.187352009432625088e-01	4.834270705368255983e-01	3.560607531894970368e-01	2.476702943038488203e-01	1.630722159332322341e-01	1.019110386218396169e-01	6.063489897913942883e-02	3.446045254082934911e-02	1.877290140645964528e-02	9.838230953187161038e-03	4.978077804164129407e-03	2.440881273900850565e-03
8.125000000000000000e-01	4.420487914211473357e-01	5.582406096577346988e-01	6.691956347159623286e-01	7.593563488904080394e-01	8.137220711319688160e-01	8.219520828914996802e-01	7.816387337635863908e-01	6.993045676618818707e-01	5.885836849430827744e-01	4.663158742199218221e-01	3.481677916053935729e-01	2.454028526904693530e-01	1.636495693206189428e-01	1.035241618016724263e-01	6.231035189274492653e-02	3.580045966246284822e-02	1.970287737846423623e-02	1.042410978639651646e-02	5.321044652673486038e-03	2.630171665038049961e-03
9.375000000000000000e-01	3.419374025551620289e-01	4.368814989251839087e-01	5.302031630992359856e-01	6.094406591366327008e-01	6.618669917233535038e-01	6.778281088610986771e-01	6.537025327352077309e-01	5.932172975476994736e-01	5.064648920948684463e-01	4.069895457509262737e-01	3.081564723835205633e-01	2.201974780627055650e-01	1.488076678697644595e-01	9.534998090713470154e-02	5.809888946413632738e-02	3.377237473031468457e-02	1.879262835006348734e-02	1.004592568999611475e-02	5.177771026875630477e-03	2.582403878209596233e-03
1.062500000000000000e+00	2.402089102021158773e-01	3.102857074654282177e-01	3.809853791848191173e-01	4.433543522496112832e-01	4.877495410087517858e-01	5.062521090371454591e-01	4.950160884002785533e-01	4.555830188875217845e-01	3.945384494055940161e-01	3.216094356929721787e-01	2.469957636003154711e-01	1.789864838936155444e-01	1.226290522302538738e-01	7.963020252186203685e-02	4.914821911969389362e-02	2.892339486038143434e-02	1.628418919749556257e-02	8.802125105838403199e-03	4.584350819735015167e-03	2.308926248332802446e-03
1.187500000000000000e+00	1.537631308353575310e-01	2.006480842915696616e-01	2.490745469471997708e-01	2.932485704731732090e-01	3.266134434102711537e-01	3.434081902667371344e-01	3.403173715154630963e-01	3.175576315350481238e-01	2.789039064915169730e-01	2.306070102950758260e-01	1.796499850999237757e-01	1.320430296659702019e-01	9.174036539738876506e-02	6.039290493686561706e-02	3.777343286140487366e-02	2.251619442453337352e-02	1.283362415751872383e-02	7.018744146892569660e-03	3.696381865681688979e-03	1.881338887311042327e-03
1.312500000000000000e+00	9.009284424750794995e-02	1.186630928749305425e-01	1.488022613494122404e-01	1.771152752554725762e-01	1.995775880222099563e-01	2.124390343463823660e-01	2.132584637924767046e-01	2.016758661799454011e-01	1.795804784533300280e-01	1.505787423431719230e-01	1.189778124986618363e-01	8.869725427905772452e-02	6.249829477251113430e-02	4.171727134645644708e-02	2.644874026169406755e-02	1.597465501510916819e-02	9.221533399336474118e-03	5.105132291796130733e-03	2.720059805737124956e-03	1.399821715308305955e-03
1.437500000000000000e+00	4.857926988675485142e-02	6.452688411683225878e-02	8.167124299380708330e-02	9.819939171425375035e-02	1.118661037772641503e-01	1.204679061195524925e-01	1.224273625893239764e-01	1.172757066747445176e-01	1.058273451477676624e-01	8.995829554001162631e-02	7.207502272801771803e-02	5.449038009338502686e-02	3.893731926838138457e-02	2.635418678472280576e-02	1.693856494185023639e-02	1.036819191093552896e-02	6.063217099987324062e-03	3.398892693183494691e-03	1.832828925037451257e-03	9.541105233474807875e-04
1.562500000000000000e+00	2.425301043565999959e-02	3.245935910840437588e-02	4.143151199228747861e-02	5.028095900222643438e-02	5.786080137375398946e-02	6.299222652051801596e-02	6.476424576137554401e-02	6.280343498405371871e-02	5.740214470668140306e-02	4.944429598394271819e-02	4.015540065209365767e-02	3.077868465966522235e-02	2.229982155198303659e-02	1.530287851546145890e-02	9.970657984207636354e-03	6.185387279971351314e-03	3.664714472393658818e-03	2.080531961105427062e-03	1.135697721561616195e-03	5.981791054923619230e-04
1.687500000000000000e+00	1.128356984980130942e-02	1.520305746000842444e-02	1.955293647243159030e-02	2.393053533539727870e-02	2.779525242052043044e-02	3.056789960932872197e-02	3.177161930357695618e-02	3.116847953279363800e-02	2.883723600784001209e-02	2.515683385328894642e-02	2.069998117626589001e-02	1.607985456273762145e-02	1.180881646105539501e-02	8.214212787252183831e-03	5.424632909955047488e-03	3.410267530723328812e-03	2.047005570815118441e-03	1.176956079519322386e-03	6.503981378529811487e-04	3.466432944886718866e-04
1.812500000000000000e+00	4.924873453445436332e-03	6.674612034378346430e-03	8.642340458509726805e-03	1.065798385082337117e-02	1.248453821555840955e-02	1.385840452944612708e-02	1.455063921380390403e-02	1.443035367819820065e-02	1.350588532712700823e-02	1.192563029505497481e-02	9.936916308362632802e-03	7.819321850967415194e-03	5.818277776803893082e-03	4.101080012012792674e-03	2.744351167541724760e-03	1.747999707636731844e-03	1.062822973517364537e-03	6.188157752845881458e-04	3.461631944451518464e-04	1.866824931804070482e-04
1.937500000000000000e+00	2.030126621910643362e-03	2.765368722168468942e-03	3.601877363297882953e-03	4.472175749348158286e-03	5.278853368170384822e-03	5.909849418266542066e-03	6.263282845628818062e-03	6.274706519725097714e-03	5.936706217743983362e-03	5.302501962068366208e-03	4.471501895042724085e-03	3.562442338343527973e-03	2.684550734522075498e-03	1.916645581697338976e-03	1.299170509831709067e-03	8.381454539476599448e-04	5.160790511814496119e-04	3.042160950677537477e-04	1.722359804622684691e-04	9.397228409380481049e-05
2.062500000000000000e+00	7.955829618469768220e-04	1.088399217618125654e-03	1.424948996004547601e-03	1.779887703086245002e-03	2.115386374573386546e-03	2.386582377937448204e-03	2.551048927237506599e-03	2.579752082491333035e-03	2.465603912355159976e-03	2.226086680157164915e-03	1.898650781368316177e-03	1.530620180098352361e-03	1.167517675821127653e-03	8.439099262241650740e-04	5.791889904964963578e-04	3.783218598472231384e-04	2.358248045820969486e-04	1.406988579769960089e-04	8.060044811417514166e-05	4.447953343551299809e-05
2.187500000000000000e+00	2.982784465884585077e-04	4.095420402163672271e-04	5.385608422754516351e-04	6.762542059917825985e-04	8.086358107548377626e-04	9.186588918523202248e-04	9.896427871798688103e-04	1.009430504488163880e-03	9.738610367281447418e-04	8.881709154206149370e-04	7.656771238631629797e-04	6.242114066608431874e-04	4.816775172527485165e-04	3.523124039364156448e-04	2.447075418693977003e-04	1.617666428215558416e-04	1.020413634965922496e-04	6.159622684415551807e-05	3.569106348421506467e-05	1.991552911887272781e-05
2.312500000000000000e+00	1.076229340442759729e-04	1.482141003415795829e-04	1.956470863453764518e-04	2.467962506353313097e-04	2.967028968408100373e-04	3.391731573619986622e-04	3.679641478668687357e-04	3.782858697098529237e-04	3.681283611975443232e-04	3.389015332034400730e-04	2.951054206482888126e-04	2.431378121893183362e-04	1.896923666846368772e-04	1.403210297476454823e-04	9.858643970251199800e-05	6.592570293150845466e-05	4.206400228739053500e-05	2.567949621925117099e-05	1.504464326853131387e-05	8.485234527402456777e-06
2.437500000000000000e+00	3.757414792810721252e-05	5.187466976195589594e-05	6.869874121143089473e-05	8.700608257766019116e-05	1.050996245889247472e-04	1.208123630081922801e-04	1.319032226101238573e-04	1.365778080633310685e-04	1.339709311557569582e-04	1.244105353709040588e-04	1.093510210715625759e-04	9.099311479513163994e-05	7.173241702297337432e-05	5.363437327091414588e-05	3.809624368103022463e-05	2.575726873348888608e-05	1.661578718800399960e-05	1.025421289177260276e-05	6.071614868302571776e-06	3.459870812056451045e-06
