xy	0.0625	0.1875	0.3125	0.4375	0.5625	0.6875	0.8125	0.9375	1.0625	1.1875	1.3125	1.4375	1.5625	1.6875	1.8125	1.9375	2.0625	2.1875	2.3125	2.4375
6.250000000000000000e-02	4.058428380050588258e-01	4.378944191963303756e-01	4.437929690317643505e-01	4.217588325846560737e-01	3.755080311191841269e-01	3.131598310381266126e-01	2.447563995121018743e-01	1.794902445999781160e-01	1.237273337207813739e-01	8.035604035731884476e-02	4.930684694815348074e-02	2.867501968181941294e-02	1.586031822990442708e-02	8.374085080710214415e-03	4.237011651546859596e-03	2.062561974098179804e-03	9.699171449129027943e-04	4.423922035403145964e-04	1.965113818192586268e-04	8.535445183963101437e-05
1.875000000000000000e-01	5.183620005658284846e-01	5.804295333629866382e-01	6.102520989337936186e-01	6.011712193082481281e-01	5.541706729205049253e-01	4.777707603657635471e-01	3.853355021255050472e-01	2.910274116281308943e-01	2.061711465105672547e-01	1.373103457363631374e-01	8.621136414962901617e-02	5.119188710559782057e-02	2.885037261907588690e-02	1.549061658393059877e-02	7.955922880557768015e-03	3.924745462542068332e-03	1.867495136126778735e-03	8.607507101882231953e-04	3.859310688751919015e-04	1.690417672103214331e-04
3.125000000000000000e-01	5.985990752255769820e-01	6.959796483816673707e-01	7.599242107352961462e-01	7.772173184234633103e-01	7.432660354550942872e-01	6.640034047324289146e-01	5.540890776709050947e-01	4.321971438968918444e-01	3.155817643618549218e-01	2.161697976413011202e-01	1.392862224931683546e-01	8.469126921034066113e-02	4.876897743154867682e-02	2.670005675830015857e-02	1.395502078047294869e-02	6.992807286812491481e-03	3.374188231484329288e-03	1.574700702848209162e-03	7.139335384731014316e-04	3.158387089790890673e-04
4.375000000000000000e-01	6.218321782290859856e-01	7.505798781117235530e-01	8.514125372448927420e-01	9.048803205517131909e-01	8.990308346779842807e-01	8.338371120959562344e-01	7.215767597990411231e-01	5.828102750929831100e-01	4.398671230945368493e-01	3.108116315678114971e-01	2.061443590669051196e-01	1.287365317049888325e-01	7.596995777663113902e-02	4.253028717058045249e-02	2.268253980551045504e-02	1.157502933245918228e-02	5.677276316674350135e-03	2.688580309881906036e-03	1.234977058513951663e-03	5.527585228500461181e-04
5.625000000000000000e-01	5.793354610641419100e-01	7.252898462727195295e-01	8.543625548915547707e-01	9.437005167066421230e-01	9.747931118969931363e-01	9.398450556991166938e-01	8.449425824227021486e-01	7.082382662761137482e-01	5.539251071201353183e-01	4.048920480058464944e-01	2.772438693330990800e-01	1.783661545313179331e-01	1.081959184312978606e-01	6.212361046696081995e-02	3.390662706643969571e-02	1.766954852975341841e-02	8.832283572074200312e-03	4.254582606051881231e-03	1.984372463644607388e-03	9.003700714109822171e-04
6.875000000000000000e-01	4.836439995901936628e-01	6.269944887014967660e-01	7.660764227397640624e-01	8.788584509301236025e-01	9.437422916090362213e-01	9.463551938182211964e-01	8.848471135032547341e-01	7.709661914718823894e-01	6.261718543729589692e-01	4.746415189585240779e-01	3.364565304435477300e-01	2.236514479322466720e-01	1.398763286254638138e-01	8.262420279895296704e-02	4.628957922393665131e-02	2.470652909819307311e-02	1.262151997861449271e-02	6.200830671541017296e-03	2.943862701162970781e-03	1.357107311837003026e-03
8.125000000000000000e-01	3.622409083251913464e-01	4.852310097921712639e-01	6.138176855093654405e-01	7.303505676524929546e-01	8.145776631388960132e-01	8.492734212694893481e-01	8.260823092479766538e-01	7.488313157727758407e-01	6.324856699652519065e-01	4.981295008072520458e-01	3.664010737723202293e-01	2.523110204854762673e-01	1.631625013603883179e-01	9.944754977486722214e-02	5.736340846264530169e-02	3.145312258607810968e-02	1.647029134100787620e-02	8.276219197205832850e-03	4.010291015486769882e-03	1.883078686961087243e-03
9.375000000000000000e-01	2.441850530167931910e-01	3.371061841950523941e-01	4.404774219618677322e-01	5.424783559772012875e-01	6.274059924332414662e-01	6.793438203705601808e-01	6.870387022539458100e-01	6.479617022103726365e-01	5.695088788928895918e-01	4.665907940262931652e-01	3.567372723735819928e-01	2.550335154758917589e-01	1.709508856007451727e-01	1.078052242069332534e-01	6.420934428141765460e-02	3.627570602192934507e-02	1.952931852288488507e-02	1.006676325288281132e-02	4.992895254837662923e-03	2.394576949793537045e-03
1.062500000000000000e+00	1.488564207809923157e-01	2.112006834740184080e-01	2.842859121083964880e-01	3.614985606754090863e-01	4.326037736154070279e-01	4.855964547217527238e-01	5.099228683340933932e-01	4.999608963073567391e-01	4.571744195472848826e-01	3.897909737221646465e-01	3.100716672535931973e-01	2.304766802314164309e-01	1.604470061861165142e-01	1.049279399389707185e-01	6.469648662843191511e-02	3.776431817218510456e-02	2.096184533743958300e-02	1.111648078084601435e-02	5.659876595785136820e-03	2.780350025414613131e-03
1.187500000000000000e+00	8.255840046520956932e-02	1.200385942680555068e-01	1.659769787812465924e-01	2.173193078391870425e-01	2.684006143641534115e-01	3.116101119934202579e-01	3.391018445359687550e-01	3.451187858726091906e-01	3.280016195966782844e-01	2.909055593283432772e-01	2.408052234415921089e-01	1.862343775842083271e-01	1.348142017620559130e-01	9.158516701100180568e-02	5.857981732278663700e-02	3.541289895588049796e-02	2.031924263111635487e-02	1.111636046876761895e-02	5.826317211563293054e-03	2.939850706955376546e-03
1.312500000000000000e+00	4.194663322266874161e-02	6.232511882072373083e-02	8.826953768006202961e-02	1.186640005436740142e-01	1.508334606638859765e-01	1.806454341140712738e-01	2.032338932629643158e-01	2.142609048753036094e-01	2.112958620191371928e-01	1.947073625598848279e-01	1.676108627219377034e-01	1.348625430594312946e-01	1.015652850297520809e-01	7.174583992560022716e-02	4.767429343288755866e-02	2.990264645338492136e-02	1.777411646286957553e-02	1.005534897534334123e-02	5.439134956430803462e-03	2.826533908351538515e-03
1.437500000000000000e+00	1.967028655799053782e-02	2.978617104008810662e-02	4.308965793044098463e-02	5.930693421425188572e-02	7.736483035778418671e-02	9.531600251514693589e-02	1.105690674090165637e-01	1.204557805430891138e-01	1.229935745750325299e-01	1.175488645674145488e-01	1.050917166787258550e-01	8.790144202349854663e-02	6.884974048657283019e-02	5.058487569292201280e-02	3.494591884356797878e-02	2.276953940010194993e-02	1.404284843656635785e-02	8.230929514586735746e-03	4.604947669694843711e-03	2.470405968220273224e-03
1.562500000000000000e+00	8.579703449435253926e-03	1.320732484256316279e-02	1.946412227403103087e-02	2.735293770366243465e-02	3.651660554858994490e-02	4.615197633756704110e-02	5.505046561315502657e-02	6.180931419952147982e-02	6.518484276938925348e-02	6.447217875353836170e-02	5.975110309062306446e-02	5.187809114189585041e-02	4.221991225163038153e-02	3.224728353071586867e-02	2.316142628234399772e-02	1.568455572024405470e-02	1.004623452596309710e-02	6.108814986348067196e-03	3.540742808359509473e-03	1.964690953522570203e-03
1.687500000000000000e+00	3.508499134239136726e-03	5.477256172242431914e-03	8.202774138564817089e-03	1.173929788604465528e-02	1.599627463106525690e-02	2.068312771998460919e-02	2.529899591197398712e-02	2.919597401084377680e-02	3.171910578594745733e-02	3.238713264877344372e-02	3.104605641075510944e-02	2.792702824701672956e-02	2.357853155584295826e-02	1.870106780128393681e-02	1.395564205835025939e-02	9.820250102918761173e-03	6.534248664114912682e-03	4.124792535876408740e-03	2.479454155071668907e-03	1.424981889295987621e-03
1.812500000000000000e+00	1.355919367621017313e-03	2.141754905558756941e-03	3.251715208787689902e-03	4.727623301467822302e-03	6.558668779629811367e-03	8.653434992416724966e-03	1.082554869012922368e-02	1.280698186618367714e-02	1.429586660030176225e-02	1.503074862200217722e-02	1.486710043311443435e-02	1.382496146028105999e-02	1.208568399266730063e-02	9.937929165748904045e-03	7.695873223816167633e-03	5.622681094892148859e-03	3.884985756782644451e-03	2.546000788882354059e-03	1.587838302312266203e-03	9.458938338134427210e-04
1.937500000000000000e+00	4.992406046662586569e-04	7.960406113958255975e-04	1.222403916881890885e-03	1.801254823681529412e-03	2.538093549393865417e-03	3.408768305877418400e-03	4.350631829158750977e-03	5.262930896589909820e-03	6.020743200062308141e-03	6.501869166654758100e-03	6.619433666531118581e-03	6.348224730957141571e-03	5.733564728367814001e-03	4.878390585775217204e-03	3.913781788160893178e-03	2.964980405073074348e-03	2.125337506652826610e-03	1.445145837275371974e-03	9.349019279286528879e-04	5.773626661349924279e-04
2.062500000000000000e+00	1.765490993795452220e-04	2.834914829458330915e-04	4.392787321978946862e-04	6.545300916558613501e-04	9.345973466415942368e-04	1.274756790433258713e-03	1.655986366778338520e-03	2.043494943572230198e-03	2.390021137079243775e-03	2.644516068843169847e-03	2.764443748469330026e-03	2.727692283183356416e-03	2.539429267299716381e-03	2.230911414229511287e-03	1.850612854879560981e-03	1.451263602756280163e-03	1.077724331077446014e-03	7.595267230123747479e-04	5.093157057654892211e-04	3.259428738863258965e-04
2.187500000000000000e+00	6.045141912591368437e-05	9.750519307550973159e-05	1.520880686681105702e-04	2.286135931273187321e-04	3.300480409995116150e-04	4.561680593127360518e-04	6.018122421619584179e-04	7.558597625407832308e-04	9.017410300109710963e-04	1.019940561175197670e-03	1.092192331631682261e-03	1.106187526471009595e-03	1.059107627529043590e-03	9.585546583636907376e-04	8.204524987979243487e-04	6.647444724701825425e-04	5.105424972502061853e-04	3.723851350180199644e-04	2.585380751733088725e-04	1.713083850325090569e-04
2.312500000000000000e+00	2.020049397574747590e-05	3.264056104425451754e-05	5.111924771387082171e-05	7.733302888865072153e-05	1.126238735770803795e-04	1.573877316262482892e-04	2.104169755033871334e-04	2.684072830773020710e-04	3.259182812762148498e-04	3.760088065597639055e-04	4.115473557798616350e-04	4.268930681540116976e-04	4.194023015448485330e-04	3.901954690456180199e-04	3.438704959219181408e-04	2.872664784793222412e-04	2.277506179642138509e-04	1.716361767751017127e-04	1.231947173893124781e-04	8.441516771791508778e-05
2.437500000000000000e+00	6.636837838497465801e-06	1.071296587446864750e-05	1.680111465368749139e-05	2.551583399630353828e-05	3.739863645902033717e-05	5.272760842362878513e-05	7.128691201202316135e-05	9.216431693388818503e-05	1.136732659742139743e-04	1.334878613177587652e-04	1.490205043287299344e-04	1.579752866301655434e-04	1.589171726325469395e-04	1.516597567034597724e-04	1.373240132589615033e-04	1.180423241851173553e-04	9.641856562544979538e-05	7.493821807973590334e-05	5.551537984151446966e-05	3.928077905339884854e-05
